80
# X Y Z
0.0 0.0 0.0
1.5 0.0 0.0
3.0 0.0 0.0
4.5 0.0 0.0
6.0 0.0 0.0
7.5 0.0 0.0
9.0 0.0 0.0
10.5 0.0 0.0
12.0 0.0 0.0
13.5 0.0 0.0
15.0 0.0 0.0
16.5 0.0 0.0
18.0 0.0 0.0
19.5 0.0 0.0
21.0 0.0 0.0
22.5 0.0 0.0
24.0 0.0 0.0
25.5 0.0 0.0
27.0 0.0 0.0
28.5 0.0 0.0
30.0 0.0 0.0
31.5 0.0 0.0
33.0 0.0 0.0
34.5 0.0 0.0
36.0 0.0 0.0
37.5 0.0 0.0
39.0 0.0 0.0
40.5 0.0 0.0
42.0 0.0 0.0
43.5 0.0 0.0
45.0 0.0 0.0
46.5 0.0 0.0
48.0 0.0 0.0
49.5 0.0 0.0
51.0 0.0 0.0
52.5 0.0 0.0
54.0 0.0 0.0
55.5 0.0 0.0
57.0 0.0 0.0
58.5 0.0 0.0
60.0 0.0 0.0
61.5 0.0 0.0
63.0 0.0 0.0
64.5 0.0 0.0
66.0 0.0 0.0
67.5 0.0 0.0
69.0 0.0 0.0
70.5 0.0 0.0
72.0 0.0 0.0
73.5 0.0 0.0
75.0 0.0 0.0
76.5 0.0 0.0
78.0 0.0 0.0
79.5 0.0 0.0
81.0 0.0 0.0
82.5 0.0 0.0
84.0 0.0 0.0
85.5 0.0 0.0
87.0 0.0 0.0
88.5 0.0 0.0
90.0 0.0 0.0
91.5 0.0 0.0
93.0 0.0 0.0
94.5 0.0 0.0
96.0 0.0 0.0
97.5 0.0 0.0
99.0 0.0 0.0
100.5 0.0 0.0
102.0 0.0 0.0
103.5 0.0 0.0
105.0 0.0 0.0
106.5 0.0 0.0
32.25 -11.0 0.0
38.25 -11.0 0.0
44.25 -11.0 0.0
50.25 -11.0 0.0
56.25 -8.0 0.0
62.25 -8.0 0.0
68.25 -8.0 0.0
74.25 -8.0 0.0
565
# A B M N
23 26 73 74
22 27 73 74
21 28 73 74
20 29 73 74
19 30 73 74
18 31 73 74
17 32 73 74
16 33 73 74
15 34 73 74
14 35 73 74
13 36 73 74
12 37 73 74
11 38 73 74
10 39 73 74
9 40 73 74
8 41 73 74
7 42 73 74
6 43 73 74
5 44 73 74
4 45 73 74
3 46 73 74
2 47 73 74
27 30 74 75
26 31 74 75
25 32 74 75
24 33 74 75
23 34 74 75
22 35 74 75
21 36 74 75
20 37 74 75
19 38 74 75
18 39 74 75
17 40 74 75
16 41 74 75
15 42 74 75
14 43 74 75
13 44 74 75
12 45 74 75
11 46 74 75
10 47 74 75
9 48 74 75
8 49 74 75
7 50 74 75
6 51 74 75
5 52 74 75
4 53 74 75
3 54 74 75
2 55 74 75
31 34 75 76
30 35 75 76
29 36 75 76
28 37 75 76
27 38 75 76
26 39 75 76
25 40 75 76
24 41 75 76
23 42 75 76
22 43 75 76
21 44 75 76
20 45 75 76
19 46 75 76
18 47 75 76
17 48 75 76
16 49 75 76
15 50 75 76
14 51 75 76
13 52 75 76
12 53 75 76
11 54 75 76
10 55 75 76
9 56 75 76
8 57 75 76
7 58 75 76
6 59 75 76
5 60 75 76
4 61 75 76
3 62 75 76
2 63 75 76
35 38 76 77
34 39 76 77
33 40 76 77
32 41 76 77
31 42 76 77
30 43 76 77
29 44 76 77
28 45 76 77
27 46 76 77
26 47 76 77
25 48 76 77
24 49 76 77
23 50 76 77
22 51 76 77
21 52 76 77
20 53 76 77
19 54 76 77
18 55 76 77
17 56 76 77
16 57 76 77
15 58 76 77
14 59 76 77
13 60 76 77
12 61 76 77
11 62 76 77
10 63 76 77
9 64 76 77
8 65 76 77
7 66 76 77
6 67 76 77
5 68 76 77
4 69 76 77
3 70 76 77
2 71 76 77
39 42 77 78
38 43 77 78
37 44 77 78
36 45 77 78
35 46 77 78
34 47 77 78
33 48 77 78
32 49 77 78
31 50 77 78
30 51 77 78
29 52 77 78
28 53 77 78
27 54 77 78
26 55 77 78
25 56 77 78
24 57 77 78
23 58 77 78
22 59 77 78
21 60 77 78
20 61 77 78
19 62 77 78
18 63 77 78
17 64 77 78
16 65 77 78
15 66 77 78
14 67 77 78
13 68 77 78
12 69 77 78
11 70 77 78
10 71 77 78
9 72 77 78
43 46 78 79
42 47 78 79
41 48 78 79
40 49 78 79
39 50 78 79
38 51 78 79
37 52 78 79
36 53 78 79
35 54 78 79
34 55 78 79
33 56 78 79
32 57 78 79
31 58 78 79
30 59 78 79
29 60 78 79
28 61 78 79
27 62 78 79
26 63 78 79
25 64 78 79
24 65 78 79
23 66 78 79
22 67 78 79
21 68 78 79
20 69 78 79
19 70 78 79
18 71 78 79
17 72 78 79
47 50 79 80
46 51 79 80
45 52 79 80
44 53 79 80
43 54 79 80
42 55 79 80
41 56 79 80
40 57 79 80
39 58 79 80
38 59 79 80
37 60 79 80
36 61 79 80
35 62 79 80
34 63 79 80
33 64 79 80
32 65 79 80
31 66 79 80
30 67 79 80
29 68 79 80
28 69 79 80
27 70 79 80
26 71 79 80
25 72 79 80
22 26 73 74
21 26 73 74
20 26 73 74
19 26 73 74
18 26 73 74
17 26 73 74
16 26 73 74
15 26 73 74
14 26 73 74
13 26 73 74
12 26 73 74
11 26 73 74
10 26 73 74
9 26 73 74
8 26 73 74
7 26 73 74
6 26 73 74
5 26 73 74
4 26 73 74
3 26 73 74
2 26 73 74
26 30 74 75
25 30 74 75
24 30 74 75
23 30 74 75
22 30 74 75
21 30 74 75
20 30 74 75
19 30 74 75
18 30 74 75
17 30 74 75
16 30 74 75
15 30 74 75
14 30 74 75
13 30 74 75
12 30 74 75
11 30 74 75
10 30 74 75
9 30 74 75
8 30 74 75
7 30 74 75
6 30 74 75
5 30 74 75
4 30 74 75
3 30 74 75
2 30 74 75
30 34 75 76
29 34 75 76
28 34 75 76
27 34 75 76
26 34 75 76
25 34 75 76
24 34 75 76
23 34 75 76
22 34 75 76
21 34 75 76
20 34 75 76
19 34 75 76
18 34 75 76
17 34 75 76
16 34 75 76
15 34 75 76
14 34 75 76
13 34 75 76
12 34 75 76
11 34 75 76
10 34 75 76
9 34 75 76
8 34 75 76
7 34 75 76
6 34 75 76
5 34 75 76
4 34 75 76
3 34 75 76
2 34 75 76
34 38 76 77
33 38 76 77
32 38 76 77
31 38 76 77
30 38 76 77
29 38 76 77
28 38 76 77
27 38 76 77
26 38 76 77
25 38 76 77
24 38 76 77
23 38 76 77
22 38 76 77
21 38 76 77
20 38 76 77
19 38 76 77
18 38 76 77
17 38 76 77
16 38 76 77
15 38 76 77
14 38 76 77
13 38 76 77
12 38 76 77
11 38 76 77
10 38 76 77
9 38 76 77
8 38 76 77
7 38 76 77
6 38 76 77
5 38 76 77
4 38 76 77
3 38 76 77
2 38 76 77
38 42 77 78
37 42 77 78
36 42 77 78
35 42 77 78
34 42 77 78
33 42 77 78
32 42 77 78
31 42 77 78
30 42 77 78
29 42 77 78
28 42 77 78
27 42 77 78
26 42 77 78
25 42 77 78
24 42 77 78
23 42 77 78
22 42 77 78
21 42 77 78
20 42 77 78
19 42 77 78
18 42 77 78
17 42 77 78
16 42 77 78
15 42 77 78
14 42 77 78
13 42 77 78
12 42 77 78
11 42 77 78
10 42 77 78
9 42 77 78
42 46 78 79
41 46 78 79
40 46 78 79
39 46 78 79
38 46 78 79
37 46 78 79
36 46 78 79
35 46 78 79
34 46 78 79
33 46 78 79
32 46 78 79
31 46 78 79
30 46 78 79
29 46 78 79
28 46 78 79
27 46 78 79
26 46 78 79
25 46 78 79
24 46 78 79
23 46 78 79
22 46 78 79
21 46 78 79
20 46 78 79
19 46 78 79
18 46 78 79
17 46 78 79
46 50 79 80
45 50 79 80
44 50 79 80
43 50 79 80
42 50 79 80
41 50 79 80
40 50 79 80
39 50 79 80
38 50 79 80
37 50 79 80
36 50 79 80
35 50 79 80
34 50 79 80
33 50 79 80
32 50 79 80
31 50 79 80
30 50 79 80
29 50 79 80
28 50 79 80
27 50 79 80
26 50 79 80
25 50 79 80
23 27 73 74
23 28 73 74
23 29 73 74
23 30 73 74
23 31 73 74
23 32 73 74
23 33 73 74
23 34 73 74
23 35 73 74
23 36 73 74
23 37 73 74
23 38 73 74
23 39 73 74
23 40 73 74
23 41 73 74
23 42 73 74
23 43 73 74
23 44 73 74
23 45 73 74
23 46 73 74
23 47 73 74
27 31 74 75
27 32 74 75
27 33 74 75
27 34 74 75
27 35 74 75
27 36 74 75
27 37 74 75
27 38 74 75
27 39 74 75
27 40 74 75
27 41 74 75
27 42 74 75
27 43 74 75
27 44 74 75
27 45 74 75
27 46 74 75
27 47 74 75
27 48 74 75
27 49 74 75
27 50 74 75
27 51 74 75
27 52 74 75
27 53 74 75
27 54 74 75
27 55 74 75
31 35 75 76
31 36 75 76
31 37 75 76
31 38 75 76
31 39 75 76
31 40 75 76
31 41 75 76
31 42 75 76
31 43 75 76
31 44 75 76
31 45 75 76
31 46 75 76
31 47 75 76
31 48 75 76
31 49 75 76
31 50 75 76
31 51 75 76
31 52 75 76
31 53 75 76
31 54 75 76
31 55 75 76
31 56 75 76
31 57 75 76
31 58 75 76
31 59 75 76
31 60 75 76
31 61 75 76
31 62 75 76
31 63 75 76
35 39 76 77
35 40 76 77
35 41 76 77
35 42 76 77
35 43 76 77
35 44 76 77
35 45 76 77
35 46 76 77
35 47 76 77
35 48 76 77
35 49 76 77
35 50 76 77
35 51 76 77
35 52 76 77
35 53 76 77
35 54 76 77
35 55 76 77
35 56 76 77
35 57 76 77
35 58 76 77
35 59 76 77
35 60 76 77
35 61 76 77
35 62 76 77
35 63 76 77
35 64 76 77
35 65 76 77
35 66 76 77
35 67 76 77
35 68 76 77
35 69 76 77
35 70 76 77
35 71 76 77
39 43 77 78
39 44 77 78
39 45 77 78
39 46 77 78
39 47 77 78
39 48 77 78
39 49 77 78
39 50 77 78
39 51 77 78
39 52 77 78
39 53 77 78
39 54 77 78
39 55 77 78
39 56 77 78
39 57 77 78
39 58 77 78
39 59 77 78
39 60 77 78
39 61 77 78
39 62 77 78
39 63 77 78
39 64 77 78
39 65 77 78
39 66 77 78
39 67 77 78
39 68 77 78
39 69 77 78
39 70 77 78
39 71 77 78
39 72 77 78
43 47 78 79
43 48 78 79
43 49 78 79
43 50 78 79
43 51 78 79
43 52 78 79
43 53 78 79
43 54 78 79
43 55 78 79
43 56 78 79
43 57 78 79
43 58 78 79
43 59 78 79
43 60 78 79
43 61 78 79
43 62 78 79
43 63 78 79
43 64 78 79
43 65 78 79
43 66 78 79
43 67 78 79
43 68 78 79
43 69 78 79
43 70 78 79
43 71 78 79
43 72 78 79
47 51 79 80
47 52 79 80
47 53 79 80
47 54 79 80
47 55 79 80
47 56 79 80
47 57 79 80
47 58 79 80
47 59 79 80
47 60 79 80
47 61 79 80
47 62 79 80
47 63 79 80
47 64 79 80
47 65 79 80
47 66 79 80
47 67 79 80
47 68 79 80
47 69 79 80
47 70 79 80
47 71 79 80
47 72 79 80
