80
# X Y Z
0.0 0.0 0.0
1.5 0.0 0.0
3.0 0.0 0.0
4.5 0.0 0.0
6.0 0.0 0.0
7.5 0.0 0.0
9.0 0.0 0.0
10.5 0.0 0.0
12.0 0.0 0.0
13.5 0.0 0.0
15.0 0.0 0.0
16.5 0.0 0.0
18.0 0.0 0.0
19.5 0.0 0.0
21.0 0.0 0.0
22.5 0.0 0.0
24.0 0.0 0.0
25.5 0.0 0.0
27.0 0.0 0.0
28.5 0.0 0.0
30.0 0.0 0.0
31.5 0.0 0.0
33.0 0.0 0.0
34.5 0.0 0.0
36.0 0.0 0.0
37.5 0.0 0.0
39.0 0.0 0.0
40.5 0.0 0.0
42.0 0.0 0.0
43.5 0.0 0.0
45.0 0.0 0.0
46.5 0.0 0.0
48.0 0.0 0.0
49.5 0.0 0.0
51.0 0.0 0.0
52.5 0.0 0.0
54.0 0.0 0.0
55.5 0.0 0.0
57.0 0.0 0.0
58.5 0.0 0.0
60.0 0.0 0.0
61.5 0.0 0.0
63.0 0.0 0.0
64.5 0.0 0.0
66.0 0.0 0.0
67.5 0.0 0.0
69.0 0.0 0.0
70.5 0.0 0.0
72.0 0.0 0.0
73.5 0.0 0.0
75.0 0.0 0.0
76.5 0.0 0.0
78.0 0.0 0.0
79.5 0.0 0.0
81.0 0.0 0.0
82.5 0.0 0.0
84.0 0.0 0.0
85.5 0.0 0.0
87.0 0.0 0.0
88.5 0.0 0.0
90.0 0.0 0.0
91.5 0.0 0.0
93.0 0.0 0.0
94.5 0.0 0.0
96.0 0.0 0.0
97.5 0.0 0.0
99.0 0.0 0.0
100.5 0.0 0.0
102.0 0.0 0.0
103.5 0.0 0.0
105.0 0.0 0.0
106.5 0.0 0.0
32.25 -11.0 0.0
38.25 -11.0 0.0
44.25 -11.0 0.0
50.25 -11.0 0.0
56.25 -8.0 0.0
62.25 -8.0 0.0
68.25 -8.0 0.0
74.25 -8.0 0.0
432
# A B M N
73 75 74 1
73 75 74 2
73 75 74 3
73 75 74 4
73 75 74 5
73 75 74 6
73 75 74 7
73 75 74 8
73 75 74 9
73 75 74 10
73 75 74 11
73 75 74 12
73 75 74 13
73 75 74 14
73 75 74 15
73 75 74 16
73 75 74 17
73 75 74 18
73 75 74 19
73 75 74 20
73 75 74 21
73 75 74 22
73 75 74 23
73 75 74 24
73 75 74 25
73 75 74 26
73 75 74 27
73 75 74 28
73 75 74 29
73 75 74 30
73 75 74 31
73 75 74 32
73 75 74 33
73 75 74 34
73 75 74 35
73 75 74 36
73 75 74 37
73 75 74 38
73 75 74 39
73 75 74 40
73 75 74 41
73 75 74 42
73 75 74 43
73 75 74 44
73 75 74 45
73 75 74 46
73 75 74 47
73 75 74 48
73 75 74 49
73 75 74 50
73 75 74 51
73 75 74 52
73 75 74 53
73 75 74 54
73 75 74 55
73 75 74 56
73 75 74 57
73 75 74 58
73 75 74 59
73 75 74 60
73 75 74 61
73 75 74 62
73 75 74 63
73 75 74 64
73 75 74 65
73 75 74 66
73 75 74 67
73 75 74 68
73 75 74 69
73 75 74 70
73 75 74 71
73 75 74 72
74 76 75 1
74 76 75 2
74 76 75 3
74 76 75 4
74 76 75 5
74 76 75 6
74 76 75 7
74 76 75 8
74 76 75 9
74 76 75 10
74 76 75 11
74 76 75 12
74 76 75 13
74 76 75 14
74 76 75 15
74 76 75 16
74 76 75 17
74 76 75 18
74 76 75 19
74 76 75 20
74 76 75 21
74 76 75 22
74 76 75 23
74 76 75 24
74 76 75 25
74 76 75 26
74 76 75 27
74 76 75 28
74 76 75 29
74 76 75 30
74 76 75 31
74 76 75 32
74 76 75 33
74 76 75 34
74 76 75 35
74 76 75 36
74 76 75 37
74 76 75 38
74 76 75 39
74 76 75 40
74 76 75 41
74 76 75 42
74 76 75 43
74 76 75 44
74 76 75 45
74 76 75 46
74 76 75 47
74 76 75 48
74 76 75 49
74 76 75 50
74 76 75 51
74 76 75 52
74 76 75 53
74 76 75 54
74 76 75 55
74 76 75 56
74 76 75 57
74 76 75 58
74 76 75 59
74 76 75 60
74 76 75 61
74 76 75 62
74 76 75 63
74 76 75 64
74 76 75 65
74 76 75 66
74 76 75 67
74 76 75 68
74 76 75 69
74 76 75 70
74 76 75 71
74 76 75 72
75 77 76 1
75 77 76 2
75 77 76 3
75 77 76 4
75 77 76 5
75 77 76 6
75 77 76 7
75 77 76 8
75 77 76 9
75 77 76 10
75 77 76 11
75 77 76 12
75 77 76 13
75 77 76 14
75 77 76 15
75 77 76 16
75 77 76 17
75 77 76 18
75 77 76 19
75 77 76 20
75 77 76 21
75 77 76 22
75 77 76 23
75 77 76 24
75 77 76 25
75 77 76 26
75 77 76 27
75 77 76 28
75 77 76 29
75 77 76 30
75 77 76 31
75 77 76 32
75 77 76 33
75 77 76 34
75 77 76 35
75 77 76 36
75 77 76 37
75 77 76 38
75 77 76 39
75 77 76 40
75 77 76 41
75 77 76 42
75 77 76 43
75 77 76 44
75 77 76 45
75 77 76 46
75 77 76 47
75 77 76 48
75 77 76 49
75 77 76 50
75 77 76 51
75 77 76 52
75 77 76 53
75 77 76 54
75 77 76 55
75 77 76 56
75 77 76 57
75 77 76 58
75 77 76 59
75 77 76 60
75 77 76 61
75 77 76 62
75 77 76 63
75 77 76 64
75 77 76 65
75 77 76 66
75 77 76 67
75 77 76 68
75 77 76 69
75 77 76 70
75 77 76 71
75 77 76 72
76 78 77 1
76 78 77 2
76 78 77 3
76 78 77 4
76 78 77 5
76 78 77 6
76 78 77 7
76 78 77 8
76 78 77 9
76 78 77 10
76 78 77 11
76 78 77 12
76 78 77 13
76 78 77 14
76 78 77 15
76 78 77 16
76 78 77 17
76 78 77 18
76 78 77 19
76 78 77 20
76 78 77 21
76 78 77 22
76 78 77 23
76 78 77 24
76 78 77 25
76 78 77 26
76 78 77 27
76 78 77 28
76 78 77 29
76 78 77 30
76 78 77 31
76 78 77 32
76 78 77 33
76 78 77 34
76 78 77 35
76 78 77 36
76 78 77 37
76 78 77 38
76 78 77 39
76 78 77 40
76 78 77 41
76 78 77 42
76 78 77 43
76 78 77 44
76 78 77 45
76 78 77 46
76 78 77 47
76 78 77 48
76 78 77 49
76 78 77 50
76 78 77 51
76 78 77 52
76 78 77 53
76 78 77 54
76 78 77 55
76 78 77 56
76 78 77 57
76 78 77 58
76 78 77 59
76 78 77 60
76 78 77 61
76 78 77 62
76 78 77 63
76 78 77 64
76 78 77 65
76 78 77 66
76 78 77 67
76 78 77 68
76 78 77 69
76 78 77 70
76 78 77 71
76 78 77 72
77 79 78 1
77 79 78 2
77 79 78 3
77 79 78 4
77 79 78 5
77 79 78 6
77 79 78 7
77 79 78 8
77 79 78 9
77 79 78 10
77 79 78 11
77 79 78 12
77 79 78 13
77 79 78 14
77 79 78 15
77 79 78 16
77 79 78 17
77 79 78 18
77 79 78 19
77 79 78 20
77 79 78 21
77 79 78 22
77 79 78 23
77 79 78 24
77 79 78 25
77 79 78 26
77 79 78 27
77 79 78 28
77 79 78 29
77 79 78 30
77 79 78 31
77 79 78 32
77 79 78 33
77 79 78 34
77 79 78 35
77 79 78 36
77 79 78 37
77 79 78 38
77 79 78 39
77 79 78 40
77 79 78 41
77 79 78 42
77 79 78 43
77 79 78 44
77 79 78 45
77 79 78 46
77 79 78 47
77 79 78 48
77 79 78 49
77 79 78 50
77 79 78 51
77 79 78 52
77 79 78 53
77 79 78 54
77 79 78 55
77 79 78 56
77 79 78 57
77 79 78 58
77 79 78 59
77 79 78 60
77 79 78 61
77 79 78 62
77 79 78 63
77 79 78 64
77 79 78 65
77 79 78 66
77 79 78 67
77 79 78 68
77 79 78 69
77 79 78 70
77 79 78 71
77 79 78 72
78 80 79 1
78 80 79 2
78 80 79 3
78 80 79 4
78 80 79 5
78 80 79 6
78 80 79 7
78 80 79 8
78 80 79 9
78 80 79 10
78 80 79 11
78 80 79 12
78 80 79 13
78 80 79 14
78 80 79 15
78 80 79 16
78 80 79 17
78 80 79 18
78 80 79 19
78 80 79 20
78 80 79 21
78 80 79 22
78 80 79 23
78 80 79 24
78 80 79 25
78 80 79 26
78 80 79 27
78 80 79 28
78 80 79 29
78 80 79 30
78 80 79 31
78 80 79 32
78 80 79 33
78 80 79 34
78 80 79 35
78 80 79 36
78 80 79 37
78 80 79 38
78 80 79 39
78 80 79 40
78 80 79 41
78 80 79 42
78 80 79 43
78 80 79 44
78 80 79 45
78 80 79 46
78 80 79 47
78 80 79 48
78 80 79 49
78 80 79 50
78 80 79 51
78 80 79 52
78 80 79 53
78 80 79 54
78 80 79 55
78 80 79 56
78 80 79 57
78 80 79 58
78 80 79 59
78 80 79 60
78 80 79 61
78 80 79 62
78 80 79 63
78 80 79 64
78 80 79 65
78 80 79 66
78 80 79 67
78 80 79 68
78 80 79 69
78 80 79 70
78 80 79 71
78 80 79 72
