80
# X Y Z
0.0 0.0 0.0
1.5 0.0 0.0
3.0 0.0 0.0
4.5 0.0 0.0
6.0 0.0 0.0
7.5 0.0 0.0
9.0 0.0 0.0
10.5 0.0 0.0
12.0 0.0 0.0
13.5 0.0 0.0
15.0 0.0 0.0
16.5 0.0 0.0
18.0 0.0 0.0
19.5 0.0 0.0
21.0 0.0 0.0
22.5 0.0 0.0
24.0 0.0 0.0
25.5 0.0 0.0
27.0 0.0 0.0
28.5 0.0 0.0
30.0 0.0 0.0
31.5 0.0 0.0
33.0 0.0 0.0
34.5 0.0 0.0
36.0 0.0 0.0
37.5 0.0 0.0
39.0 0.0 0.0
40.5 0.0 0.0
42.0 0.0 0.0
43.5 0.0 0.0
45.0 0.0 0.0
46.5 0.0 0.0
48.0 0.0 0.0
49.5 0.0 0.0
51.0 0.0 0.0
52.5 0.0 0.0
54.0 0.0 0.0
55.5 0.0 0.0
57.0 0.0 0.0
58.5 0.0 0.0
60.0 0.0 0.0
61.5 0.0 0.0
63.0 0.0 0.0
64.5 0.0 0.0
66.0 0.0 0.0
67.5 0.0 0.0
69.0 0.0 0.0
70.5 0.0 0.0
72.0 0.0 0.0
73.5 0.0 0.0
75.0 0.0 0.0
76.5 0.0 0.0
78.0 0.0 0.0
79.5 0.0 0.0
81.0 0.0 0.0
82.5 0.0 0.0
84.0 0.0 0.0
85.5 0.0 0.0
87.0 0.0 0.0
88.5 0.0 0.0
90.0 0.0 0.0
91.5 0.0 0.0
93.0 0.0 0.0
94.5 0.0 0.0
96.0 0.0 0.0
97.5 0.0 0.0
99.0 0.0 0.0
100.5 0.0 0.0
102.0 0.0 0.0
103.5 0.0 0.0
105.0 0.0 0.0
106.5 0.0 0.0
32.25 -11.0 0.0
38.25 -11.0 0.0
44.25 -11.0 0.0
50.25 -11.0 0.0
56.25 -8.0 0.0
62.25 -8.0 0.0
68.25 -8.0 0.0
74.25 -8.0 0.0
436
# A B M N
21 23 22 73
22 24 23 73
20 24 22 73
21 25 23 73
19 25 22 73
20 26 23 73
18 26 22 73
19 27 23 73
17 27 22 73
18 28 23 73
16 28 22 73
17 29 23 73
15 29 22 73
16 30 23 73
14 30 22 73
15 31 23 73
13 31 22 73
14 32 23 73
12 32 22 73
13 33 23 73
11 33 22 73
12 34 23 73
10 34 22 73
11 35 23 73
9 35 22 73
10 36 23 73
8 36 22 73
9 37 23 73
7 37 22 73
8 38 23 73
6 38 22 73
7 39 23 73
5 39 22 73
6 40 23 73
4 40 22 73
5 41 23 73
3 41 22 73
4 42 23 73
2 42 22 73
3 43 23 73
1 43 22 73
2 44 23 73
25 27 26 74
26 28 27 74
24 28 26 74
25 29 27 74
23 29 26 74
24 30 27 74
22 30 26 74
23 31 27 74
21 31 26 74
22 32 27 74
20 32 26 74
21 33 27 74
19 33 26 74
20 34 27 74
18 34 26 74
19 35 27 74
17 35 26 74
18 36 27 74
16 36 26 74
17 37 27 74
15 37 26 74
16 38 27 74
14 38 26 74
15 39 27 74
13 39 26 74
14 40 27 74
12 40 26 74
13 41 27 74
11 41 26 74
12 42 27 74
10 42 26 74
11 43 27 74
9 43 26 74
10 44 27 74
8 44 26 74
9 45 27 74
7 45 26 74
8 46 27 74
6 46 26 74
7 47 27 74
5 47 26 74
6 48 27 74
4 48 26 74
5 49 27 74
3 49 26 74
4 50 27 74
2 50 26 74
3 51 27 74
1 51 26 74
2 52 27 74
29 31 30 75
30 32 31 75
28 32 30 75
29 33 31 75
27 33 30 75
28 34 31 75
26 34 30 75
27 35 31 75
25 35 30 75
26 36 31 75
24 36 30 75
25 37 31 75
23 37 30 75
24 38 31 75
22 38 30 75
23 39 31 75
21 39 30 75
22 40 31 75
20 40 30 75
21 41 31 75
19 41 30 75
20 42 31 75
18 42 30 75
19 43 31 75
17 43 30 75
18 44 31 75
16 44 30 75
17 45 31 75
15 45 30 75
16 46 31 75
14 46 30 75
15 47 31 75
13 47 30 75
14 48 31 75
12 48 30 75
13 49 31 75
11 49 30 75
12 50 31 75
10 50 30 75
11 51 31 75
9 51 30 75
10 52 31 75
8 52 30 75
9 53 31 75
7 53 30 75
8 54 31 75
6 54 30 75
7 55 31 75
5 55 30 75
6 56 31 75
4 56 30 75
5 57 31 75
3 57 30 75
4 58 31 75
2 58 30 75
3 59 31 75
1 59 30 75
2 60 31 75
33 35 34 76
34 36 35 76
32 36 34 76
33 37 35 76
31 37 34 76
32 38 35 76
30 38 34 76
31 39 35 76
29 39 34 76
30 40 35 76
28 40 34 76
29 41 35 76
27 41 34 76
28 42 35 76
26 42 34 76
27 43 35 76
25 43 34 76
26 44 35 76
24 44 34 76
25 45 35 76
23 45 34 76
24 46 35 76
22 46 34 76
23 47 35 76
21 47 34 76
22 48 35 76
20 48 34 76
21 49 35 76
19 49 34 76
20 50 35 76
18 50 34 76
19 51 35 76
17 51 34 76
18 52 35 76
16 52 34 76
17 53 35 76
15 53 34 76
16 54 35 76
14 54 34 76
15 55 35 76
13 55 34 76
14 56 35 76
12 56 34 76
13 57 35 76
11 57 34 76
12 58 35 76
10 58 34 76
11 59 35 76
9 59 34 76
10 60 35 76
8 60 34 76
9 61 35 76
7 61 34 76
8 62 35 76
6 62 34 76
7 63 35 76
5 63 34 76
6 64 35 76
4 64 34 76
5 65 35 76
3 65 34 76
4 66 35 76
2 66 34 76
3 67 35 76
1 67 34 76
2 68 35 76
37 39 38 77
38 40 39 77
36 40 38 77
37 41 39 77
35 41 38 77
36 42 39 77
34 42 38 77
35 43 39 77
33 43 38 77
34 44 39 77
32 44 38 77
33 45 39 77
31 45 38 77
32 46 39 77
30 46 38 77
31 47 39 77
29 47 38 77
30 48 39 77
28 48 38 77
29 49 39 77
27 49 38 77
28 50 39 77
26 50 38 77
27 51 39 77
25 51 38 77
26 52 39 77
24 52 38 77
25 53 39 77
23 53 38 77
24 54 39 77
22 54 38 77
23 55 39 77
21 55 38 77
22 56 39 77
20 56 38 77
21 57 39 77
19 57 38 77
20 58 39 77
18 58 38 77
19 59 39 77
17 59 38 77
18 60 39 77
16 60 38 77
17 61 39 77
15 61 38 77
16 62 39 77
14 62 38 77
15 63 39 77
13 63 38 77
14 64 39 77
12 64 38 77
13 65 39 77
11 65 38 77
12 66 39 77
10 66 38 77
11 67 39 77
9 67 38 77
10 68 39 77
8 68 38 77
9 69 39 77
7 69 38 77
8 70 39 77
6 70 38 77
7 71 39 77
5 71 38 77
6 72 39 77
4 72 38 77
41 43 42 78
42 44 43 78
40 44 42 78
41 45 43 78
39 45 42 78
40 46 43 78
38 46 42 78
39 47 43 78
37 47 42 78
38 48 43 78
36 48 42 78
37 49 43 78
35 49 42 78
36 50 43 78
34 50 42 78
35 51 43 78
33 51 42 78
34 52 43 78
32 52 42 78
33 53 43 78
31 53 42 78
32 54 43 78
30 54 42 78
31 55 43 78
29 55 42 78
30 56 43 78
28 56 42 78
29 57 43 78
27 57 42 78
28 58 43 78
26 58 42 78
27 59 43 78
25 59 42 78
26 60 43 78
24 60 42 78
25 61 43 78
23 61 42 78
24 62 43 78
22 62 42 78
23 63 43 78
21 63 42 78
22 64 43 78
20 64 42 78
21 65 43 78
19 65 42 78
20 66 43 78
18 66 42 78
19 67 43 78
17 67 42 78
18 68 43 78
16 68 42 78
17 69 43 78
15 69 42 78
16 70 43 78
14 70 42 78
15 71 43 78
13 71 42 78
14 72 43 78
12 72 42 78
45 47 46 79
46 48 47 79
44 48 46 79
45 49 47 79
43 49 46 79
44 50 47 79
42 50 46 79
43 51 47 79
41 51 46 79
42 52 47 79
40 52 46 79
41 53 47 79
39 53 46 79
40 54 47 79
38 54 46 79
39 55 47 79
37 55 46 79
38 56 47 79
36 56 46 79
37 57 47 79
35 57 46 79
36 58 47 79
34 58 46 79
35 59 47 79
33 59 46 79
34 60 47 79
32 60 46 79
33 61 47 79
31 61 46 79
32 62 47 79
30 62 46 79
31 63 47 79
29 63 46 79
30 64 47 79
28 64 46 79
29 65 47 79
27 65 46 79
28 66 47 79
26 66 46 79
27 67 47 79
25 67 46 79
26 68 47 79
24 68 46 79
25 69 47 79
23 69 46 79
24 70 47 79
22 70 46 79
23 71 47 79
21 71 46 79
22 72 47 79
20 72 46 79
49 51 50 80
50 52 51 80
48 52 50 80
49 53 51 80
47 53 50 80
48 54 51 80
46 54 50 80
47 55 51 80
45 55 50 80
46 56 51 80
44 56 50 80
45 57 51 80
43 57 50 80
44 58 51 80
42 58 50 80
43 59 51 80
41 59 50 80
42 60 51 80
40 60 50 80
41 61 51 80
39 61 50 80
40 62 51 80
38 62 50 80
39 63 51 80
37 63 50 80
38 64 51 80
36 64 50 80
37 65 51 80
35 65 50 80
36 66 51 80
34 66 50 80
35 67 51 80
33 67 50 80
34 68 51 80
32 68 50 80
33 69 51 80
31 69 50 80
32 70 51 80
30 70 50 80
31 71 51 80
29 71 50 80
30 72 51 80
28 72 50 80
