80
# X Y Z
0.0 0.0 0.0
1.5 0.0 0.0
3.0 0.0 0.0
4.5 0.0 0.0
6.0 0.0 0.0
7.5 0.0 0.0
9.0 0.0 0.0
10.5 0.0 0.0
12.0 0.0 0.0
13.5 0.0 0.0
15.0 0.0 0.0
16.5 0.0 0.0
18.0 0.0 0.0
19.5 0.0 0.0
21.0 0.0 0.0
22.5 0.0 0.0
24.0 0.0 0.0
25.5 0.0 0.0
27.0 0.0 0.0
28.5 0.0 0.0
30.0 0.0 0.0
31.5 0.0 0.0
33.0 0.0 0.0
34.5 0.0 0.0
36.0 0.0 0.0
37.5 0.0 0.0
39.0 0.0 0.0
40.5 0.0 0.0
42.0 0.0 0.0
43.5 0.0 0.0
45.0 0.0 0.0
46.5 0.0 0.0
48.0 0.0 0.0
49.5 0.0 0.0
51.0 0.0 0.0
52.5 0.0 0.0
54.0 0.0 0.0
55.5 0.0 0.0
57.0 0.0 0.0
58.5 0.0 0.0
60.0 0.0 0.0
61.5 0.0 0.0
63.0 0.0 0.0
64.5 0.0 0.0
66.0 0.0 0.0
67.5 0.0 0.0
69.0 0.0 0.0
70.5 0.0 0.0
72.0 0.0 0.0
73.5 0.0 0.0
75.0 0.0 0.0
76.5 0.0 0.0
78.0 0.0 0.0
79.5 0.0 0.0
81.0 0.0 0.0
82.5 0.0 0.0
84.0 0.0 0.0
85.5 0.0 0.0
87.0 0.0 0.0
88.5 0.0 0.0
90.0 0.0 0.0
91.5 0.0 0.0
93.0 0.0 0.0
94.5 0.0 0.0
96.0 0.0 0.0
97.5 0.0 0.0
99.0 0.0 0.0
100.5 0.0 0.0
102.0 0.0 0.0
103.5 0.0 0.0
105.0 0.0 0.0
106.5 0.0 0.0
32.25 -11.0 0.0
38.25 -11.0 0.0
44.25 -11.0 0.0
50.25 -11.0 0.0
56.25 -8.0 0.0
62.25 -8.0 0.0
68.25 -8.0 0.0
74.25 -8.0 0.0
2257
# A B M N
22 73 -8 -7
22 73 -7 -6
22 73 -6 -5
22 73 -5 -4
22 73 -4 -3
22 73 -3 -2
22 73 -2 -1
22 73 -1 0
22 73 0 1
22 73 1 2
22 73 2 3
22 73 3 4
22 73 4 5
22 73 5 6
22 73 6 7
22 73 7 8
22 73 8 9
22 73 9 10
22 73 10 11
22 73 11 12
22 73 12 13
22 73 13 14
22 73 14 15
22 73 15 16
22 73 16 17
22 73 17 18
22 73 18 19
22 73 19 20
22 73 20 21
22 73 23 24
22 73 24 25
22 73 25 26
22 73 26 27
22 73 27 28
22 73 28 29
22 73 29 30
22 73 30 31
22 73 31 32
22 73 32 33
22 73 33 34
22 73 34 35
22 73 35 36
22 73 36 37
22 73 37 38
22 73 38 39
22 73 39 40
22 73 40 41
22 73 41 42
22 73 42 43
22 73 43 44
22 73 44 45
22 73 45 46
22 73 46 47
22 73 47 48
22 73 48 49
22 73 49 50
22 73 50 51
22 73 51 52
22 73 -8 -5
22 73 -7 -4
22 73 -6 -3
22 73 -5 -2
22 73 -4 -1
22 73 -3 0
22 73 -2 1
22 73 -1 2
22 73 0 3
22 73 1 4
22 73 2 5
22 73 3 6
22 73 4 7
22 73 5 8
22 73 6 9
22 73 7 10
22 73 8 11
22 73 9 12
22 73 10 13
22 73 11 14
22 73 12 15
22 73 13 16
22 73 14 17
22 73 15 18
22 73 16 19
22 73 17 20
22 73 18 21
22 73 23 26
22 73 24 27
22 73 25 28
22 73 26 29
22 73 27 30
22 73 28 31
22 73 29 32
22 73 30 33
22 73 31 34
22 73 32 35
22 73 33 36
22 73 34 37
22 73 35 38
22 73 36 39
22 73 37 40
22 73 38 41
22 73 39 42
22 73 40 43
22 73 41 44
22 73 42 45
22 73 43 46
22 73 44 47
22 73 45 48
22 73 46 49
22 73 47 50
22 73 48 51
22 73 49 52
22 73 50 53
22 73 -8 -3
22 73 -7 -2
22 73 -6 -1
22 73 -5 0
22 73 -4 1
22 73 -3 2
22 73 -2 3
22 73 -1 4
22 73 0 5
22 73 1 6
22 73 2 7
22 73 3 8
22 73 4 9
22 73 5 10
22 73 6 11
22 73 7 12
22 73 8 13
22 73 9 14
22 73 10 15
22 73 11 16
22 73 12 17
22 73 13 18
22 73 14 19
22 73 15 20
22 73 16 21
22 73 23 28
22 73 24 29
22 73 25 30
22 73 26 31
22 73 27 32
22 73 28 33
22 73 29 34
22 73 30 35
22 73 31 36
22 73 32 37
22 73 33 38
22 73 34 39
22 73 35 40
22 73 36 41
22 73 37 42
22 73 38 43
22 73 39 44
22 73 40 45
22 73 41 46
22 73 42 47
22 73 43 48
22 73 44 49
22 73 45 50
22 73 46 51
22 73 47 52
22 73 48 53
22 73 -8 -1
22 73 -7 0
22 73 -6 1
22 73 -5 2
22 73 -4 3
22 73 -3 4
22 73 -2 5
22 73 -1 6
22 73 0 7
22 73 1 8
22 73 2 9
22 73 3 10
22 73 4 11
22 73 5 12
22 73 6 13
22 73 7 14
22 73 8 15
22 73 9 16
22 73 10 17
22 73 11 18
22 73 12 19
22 73 13 20
22 73 14 21
22 73 23 30
22 73 24 31
22 73 25 32
22 73 26 33
22 73 27 34
22 73 28 35
22 73 29 36
22 73 30 37
22 73 31 38
22 73 32 39
22 73 33 40
22 73 34 41
22 73 35 42
22 73 36 43
22 73 37 44
22 73 38 45
22 73 39 46
22 73 40 47
22 73 41 48
22 73 42 49
22 73 43 50
22 73 44 51
22 73 45 52
22 73 46 53
22 73 -8 1
22 73 -7 2
22 73 -6 3
22 73 -5 4
22 73 -4 5
22 73 -3 6
22 73 -2 7
22 73 -1 8
22 73 0 9
22 73 1 10
22 73 2 11
22 73 3 12
22 73 4 13
22 73 5 14
22 73 6 15
22 73 7 16
22 73 8 17
22 73 9 18
22 73 10 19
22 73 11 20
22 73 12 21
22 73 23 32
22 73 24 33
22 73 25 34
22 73 26 35
22 73 27 36
22 73 28 37
22 73 29 38
22 73 30 39
22 73 31 40
22 73 32 41
22 73 33 42
22 73 34 43
22 73 35 44
22 73 36 45
22 73 37 46
22 73 38 47
22 73 39 48
22 73 40 49
22 73 41 50
22 73 42 51
22 73 43 52
22 73 44 53
22 73 -8 3
22 73 -7 4
22 73 -6 5
22 73 -5 6
22 73 -4 7
22 73 -3 8
22 73 -2 9
22 73 -1 10
22 73 0 11
22 73 1 12
22 73 2 13
22 73 3 14
22 73 4 15
22 73 5 16
22 73 6 17
22 73 7 18
22 73 8 19
22 73 9 20
22 73 10 21
22 73 23 34
22 73 24 35
22 73 25 36
22 73 26 37
22 73 27 38
22 73 28 39
22 73 29 40
22 73 30 41
22 73 31 42
22 73 32 43
22 73 33 44
22 73 34 45
22 73 35 46
22 73 36 47
22 73 37 48
22 73 38 49
22 73 39 50
22 73 40 51
22 73 41 52
22 73 42 53
26 74 -4 -3
26 74 -3 -2
26 74 -2 -1
26 74 -1 0
26 74 0 1
26 74 1 2
26 74 2 3
26 74 3 4
26 74 4 5
26 74 5 6
26 74 6 7
26 74 7 8
26 74 8 9
26 74 9 10
26 74 10 11
26 74 11 12
26 74 12 13
26 74 13 14
26 74 14 15
26 74 15 16
26 74 16 17
26 74 17 18
26 74 18 19
26 74 19 20
26 74 20 21
26 74 21 22
26 74 22 23
26 74 23 24
26 74 24 25
26 74 27 28
26 74 28 29
26 74 29 30
26 74 30 31
26 74 31 32
26 74 32 33
26 74 33 34
26 74 34 35
26 74 35 36
26 74 36 37
26 74 37 38
26 74 38 39
26 74 39 40
26 74 40 41
26 74 41 42
26 74 42 43
26 74 43 44
26 74 44 45
26 74 45 46
26 74 46 47
26 74 47 48
26 74 48 49
26 74 49 50
26 74 50 51
26 74 51 52
26 74 52 53
26 74 53 54
26 74 54 55
26 74 55 56
26 74 -4 -1
26 74 -3 0
26 74 -2 1
26 74 -1 2
26 74 0 3
26 74 1 4
26 74 2 5
26 74 3 6
26 74 4 7
26 74 5 8
26 74 6 9
26 74 7 10
26 74 8 11
26 74 9 12
26 74 10 13
26 74 11 14
26 74 12 15
26 74 13 16
26 74 14 17
26 74 15 18
26 74 16 19
26 74 17 20
26 74 18 21
26 74 19 22
26 74 20 23
26 74 21 24
26 74 22 25
26 74 27 30
26 74 28 31
26 74 29 32
26 74 30 33
26 74 31 34
26 74 32 35
26 74 33 36
26 74 34 37
26 74 35 38
26 74 36 39
26 74 37 40
26 74 38 41
26 74 39 42
26 74 40 43
26 74 41 44
26 74 42 45
26 74 43 46
26 74 44 47
26 74 45 48
26 74 46 49
26 74 47 50
26 74 48 51
26 74 49 52
26 74 50 53
26 74 51 54
26 74 52 55
26 74 53 56
26 74 54 57
26 74 -4 1
26 74 -3 2
26 74 -2 3
26 74 -1 4
26 74 0 5
26 74 1 6
26 74 2 7
26 74 3 8
26 74 4 9
26 74 5 10
26 74 6 11
26 74 7 12
26 74 8 13
26 74 9 14
26 74 10 15
26 74 11 16
26 74 12 17
26 74 13 18
26 74 14 19
26 74 15 20
26 74 16 21
26 74 17 22
26 74 18 23
26 74 19 24
26 74 20 25
26 74 27 32
26 74 28 33
26 74 29 34
26 74 30 35
26 74 31 36
26 74 32 37
26 74 33 38
26 74 34 39
26 74 35 40
26 74 36 41
26 74 37 42
26 74 38 43
26 74 39 44
26 74 40 45
26 74 41 46
26 74 42 47
26 74 43 48
26 74 44 49
26 74 45 50
26 74 46 51
26 74 47 52
26 74 48 53
26 74 49 54
26 74 50 55
26 74 51 56
26 74 52 57
26 74 -4 3
26 74 -3 4
26 74 -2 5
26 74 -1 6
26 74 0 7
26 74 1 8
26 74 2 9
26 74 3 10
26 74 4 11
26 74 5 12
26 74 6 13
26 74 7 14
26 74 8 15
26 74 9 16
26 74 10 17
26 74 11 18
26 74 12 19
26 74 13 20
26 74 14 21
26 74 15 22
26 74 16 23
26 74 17 24
26 74 18 25
26 74 27 34
26 74 28 35
26 74 29 36
26 74 30 37
26 74 31 38
26 74 32 39
26 74 33 40
26 74 34 41
26 74 35 42
26 74 36 43
26 74 37 44
26 74 38 45
26 74 39 46
26 74 40 47
26 74 41 48
26 74 42 49
26 74 43 50
26 74 44 51
26 74 45 52
26 74 46 53
26 74 47 54
26 74 48 55
26 74 49 56
26 74 50 57
26 74 -4 5
26 74 -3 6
26 74 -2 7
26 74 -1 8
26 74 0 9
26 74 1 10
26 74 2 11
26 74 3 12
26 74 4 13
26 74 5 14
26 74 6 15
26 74 7 16
26 74 8 17
26 74 9 18
26 74 10 19
26 74 11 20
26 74 12 21
26 74 13 22
26 74 14 23
26 74 15 24
26 74 16 25
26 74 27 36
26 74 28 37
26 74 29 38
26 74 30 39
26 74 31 40
26 74 32 41
26 74 33 42
26 74 34 43
26 74 35 44
26 74 36 45
26 74 37 46
26 74 38 47
26 74 39 48
26 74 40 49
26 74 41 50
26 74 42 51
26 74 43 52
26 74 44 53
26 74 45 54
26 74 46 55
26 74 47 56
26 74 48 57
26 74 -4 7
26 74 -3 8
26 74 -2 9
26 74 -1 10
26 74 0 11
26 74 1 12
26 74 2 13
26 74 3 14
26 74 4 15
26 74 5 16
26 74 6 17
26 74 7 18
26 74 8 19
26 74 9 20
26 74 10 21
26 74 11 22
26 74 12 23
26 74 13 24
26 74 14 25
26 74 27 38
26 74 28 39
26 74 29 40
26 74 30 41
26 74 31 42
26 74 32 43
26 74 33 44
26 74 34 45
26 74 35 46
26 74 36 47
26 74 37 48
26 74 38 49
26 74 39 50
26 74 40 51
26 74 41 52
26 74 42 53
26 74 43 54
26 74 44 55
26 74 45 56
26 74 46 57
30 75 0 1
30 75 1 2
30 75 2 3
30 75 3 4
30 75 4 5
30 75 5 6
30 75 6 7
30 75 7 8
30 75 8 9
30 75 9 10
30 75 10 11
30 75 11 12
30 75 12 13
30 75 13 14
30 75 14 15
30 75 15 16
30 75 16 17
30 75 17 18
30 75 18 19
30 75 19 20
30 75 20 21
30 75 21 22
30 75 22 23
30 75 23 24
30 75 24 25
30 75 25 26
30 75 26 27
30 75 27 28
30 75 28 29
30 75 31 32
30 75 32 33
30 75 33 34
30 75 34 35
30 75 35 36
30 75 36 37
30 75 37 38
30 75 38 39
30 75 39 40
30 75 40 41
30 75 41 42
30 75 42 43
30 75 43 44
30 75 44 45
30 75 45 46
30 75 46 47
30 75 47 48
30 75 48 49
30 75 49 50
30 75 50 51
30 75 51 52
30 75 52 53
30 75 53 54
30 75 54 55
30 75 55 56
30 75 56 57
30 75 57 58
30 75 58 59
30 75 59 60
30 75 0 3
30 75 1 4
30 75 2 5
30 75 3 6
30 75 4 7
30 75 5 8
30 75 6 9
30 75 7 10
30 75 8 11
30 75 9 12
30 75 10 13
30 75 11 14
30 75 12 15
30 75 13 16
30 75 14 17
30 75 15 18
30 75 16 19
30 75 17 20
30 75 18 21
30 75 19 22
30 75 20 23
30 75 21 24
30 75 22 25
30 75 23 26
30 75 24 27
30 75 25 28
30 75 26 29
30 75 31 34
30 75 32 35
30 75 33 36
30 75 34 37
30 75 35 38
30 75 36 39
30 75 37 40
30 75 38 41
30 75 39 42
30 75 40 43
30 75 41 44
30 75 42 45
30 75 43 46
30 75 44 47
30 75 45 48
30 75 46 49
30 75 47 50
30 75 48 51
30 75 49 52
30 75 50 53
30 75 51 54
30 75 52 55
30 75 53 56
30 75 54 57
30 75 55 58
30 75 56 59
30 75 57 60
30 75 58 61
30 75 0 5
30 75 1 6
30 75 2 7
30 75 3 8
30 75 4 9
30 75 5 10
30 75 6 11
30 75 7 12
30 75 8 13
30 75 9 14
30 75 10 15
30 75 11 16
30 75 12 17
30 75 13 18
30 75 14 19
30 75 15 20
30 75 16 21
30 75 17 22
30 75 18 23
30 75 19 24
30 75 20 25
30 75 21 26
30 75 22 27
30 75 23 28
30 75 24 29
30 75 31 36
30 75 32 37
30 75 33 38
30 75 34 39
30 75 35 40
30 75 36 41
30 75 37 42
30 75 38 43
30 75 39 44
30 75 40 45
30 75 41 46
30 75 42 47
30 75 43 48
30 75 44 49
30 75 45 50
30 75 46 51
30 75 47 52
30 75 48 53
30 75 49 54
30 75 50 55
30 75 51 56
30 75 52 57
30 75 53 58
30 75 54 59
30 75 55 60
30 75 56 61
30 75 0 7
30 75 1 8
30 75 2 9
30 75 3 10
30 75 4 11
30 75 5 12
30 75 6 13
30 75 7 14
30 75 8 15
30 75 9 16
30 75 10 17
30 75 11 18
30 75 12 19
30 75 13 20
30 75 14 21
30 75 15 22
30 75 16 23
30 75 17 24
30 75 18 25
30 75 19 26
30 75 20 27
30 75 21 28
30 75 22 29
30 75 31 38
30 75 32 39
30 75 33 40
30 75 34 41
30 75 35 42
30 75 36 43
30 75 37 44
30 75 38 45
30 75 39 46
30 75 40 47
30 75 41 48
30 75 42 49
30 75 43 50
30 75 44 51
30 75 45 52
30 75 46 53
30 75 47 54
30 75 48 55
30 75 49 56
30 75 50 57
30 75 51 58
30 75 52 59
30 75 53 60
30 75 54 61
30 75 0 9
30 75 1 10
30 75 2 11
30 75 3 12
30 75 4 13
30 75 5 14
30 75 6 15
30 75 7 16
30 75 8 17
30 75 9 18
30 75 10 19
30 75 11 20
30 75 12 21
30 75 13 22
30 75 14 23
30 75 15 24
30 75 16 25
30 75 17 26
30 75 18 27
30 75 19 28
30 75 20 29
30 75 31 40
30 75 32 41
30 75 33 42
30 75 34 43
30 75 35 44
30 75 36 45
30 75 37 46
30 75 38 47
30 75 39 48
30 75 40 49
30 75 41 50
30 75 42 51
30 75 43 52
30 75 44 53
30 75 45 54
30 75 46 55
30 75 47 56
30 75 48 57
30 75 49 58
30 75 50 59
30 75 51 60
30 75 52 61
30 75 0 11
30 75 1 12
30 75 2 13
30 75 3 14
30 75 4 15
30 75 5 16
30 75 6 17
30 75 7 18
30 75 8 19
30 75 9 20
30 75 10 21
30 75 11 22
30 75 12 23
30 75 13 24
30 75 14 25
30 75 15 26
30 75 16 27
30 75 17 28
30 75 18 29
30 75 31 42
30 75 32 43
30 75 33 44
30 75 34 45
30 75 35 46
30 75 36 47
30 75 37 48
30 75 38 49
30 75 39 50
30 75 40 51
30 75 41 52
30 75 42 53
30 75 43 54
30 75 44 55
30 75 45 56
30 75 46 57
30 75 47 58
30 75 48 59
30 75 49 60
30 75 50 61
34 76 4 5
34 76 5 6
34 76 6 7
34 76 7 8
34 76 8 9
34 76 9 10
34 76 10 11
34 76 11 12
34 76 12 13
34 76 13 14
34 76 14 15
34 76 15 16
34 76 16 17
34 76 17 18
34 76 18 19
34 76 19 20
34 76 20 21
34 76 21 22
34 76 22 23
34 76 23 24
34 76 24 25
34 76 25 26
34 76 26 27
34 76 27 28
34 76 28 29
34 76 29 30
34 76 30 31
34 76 31 32
34 76 32 33
34 76 35 36
34 76 36 37
34 76 37 38
34 76 38 39
34 76 39 40
34 76 40 41
34 76 41 42
34 76 42 43
34 76 43 44
34 76 44 45
34 76 45 46
34 76 46 47
34 76 47 48
34 76 48 49
34 76 49 50
34 76 50 51
34 76 51 52
34 76 52 53
34 76 53 54
34 76 54 55
34 76 55 56
34 76 56 57
34 76 57 58
34 76 58 59
34 76 59 60
34 76 60 61
34 76 61 62
34 76 62 63
34 76 63 64
34 76 4 7
34 76 5 8
34 76 6 9
34 76 7 10
34 76 8 11
34 76 9 12
34 76 10 13
34 76 11 14
34 76 12 15
34 76 13 16
34 76 14 17
34 76 15 18
34 76 16 19
34 76 17 20
34 76 18 21
34 76 19 22
34 76 20 23
34 76 21 24
34 76 22 25
34 76 23 26
34 76 24 27
34 76 25 28
34 76 26 29
34 76 27 30
34 76 28 31
34 76 29 32
34 76 30 33
34 76 35 38
34 76 36 39
34 76 37 40
34 76 38 41
34 76 39 42
34 76 40 43
34 76 41 44
34 76 42 45
34 76 43 46
34 76 44 47
34 76 45 48
34 76 46 49
34 76 47 50
34 76 48 51
34 76 49 52
34 76 50 53
34 76 51 54
34 76 52 55
34 76 53 56
34 76 54 57
34 76 55 58
34 76 56 59
34 76 57 60
34 76 58 61
34 76 59 62
34 76 60 63
34 76 61 64
34 76 62 65
34 76 4 9
34 76 5 10
34 76 6 11
34 76 7 12
34 76 8 13
34 76 9 14
34 76 10 15
34 76 11 16
34 76 12 17
34 76 13 18
34 76 14 19
34 76 15 20
34 76 16 21
34 76 17 22
34 76 18 23
34 76 19 24
34 76 20 25
34 76 21 26
34 76 22 27
34 76 23 28
34 76 24 29
34 76 25 30
34 76 26 31
34 76 27 32
34 76 28 33
34 76 35 40
34 76 36 41
34 76 37 42
34 76 38 43
34 76 39 44
34 76 40 45
34 76 41 46
34 76 42 47
34 76 43 48
34 76 44 49
34 76 45 50
34 76 46 51
34 76 47 52
34 76 48 53
34 76 49 54
34 76 50 55
34 76 51 56
34 76 52 57
34 76 53 58
34 76 54 59
34 76 55 60
34 76 56 61
34 76 57 62
34 76 58 63
34 76 59 64
34 76 60 65
34 76 4 11
34 76 5 12
34 76 6 13
34 76 7 14
34 76 8 15
34 76 9 16
34 76 10 17
34 76 11 18
34 76 12 19
34 76 13 20
34 76 14 21
34 76 15 22
34 76 16 23
34 76 17 24
34 76 18 25
34 76 19 26
34 76 20 27
34 76 21 28
34 76 22 29
34 76 23 30
34 76 24 31
34 76 25 32
34 76 26 33
34 76 35 42
34 76 36 43
34 76 37 44
34 76 38 45
34 76 39 46
34 76 40 47
34 76 41 48
34 76 42 49
34 76 43 50
34 76 44 51
34 76 45 52
34 76 46 53
34 76 47 54
34 76 48 55
34 76 49 56
34 76 50 57
34 76 51 58
34 76 52 59
34 76 53 60
34 76 54 61
34 76 55 62
34 76 56 63
34 76 57 64
34 76 58 65
34 76 4 13
34 76 5 14
34 76 6 15
34 76 7 16
34 76 8 17
34 76 9 18
34 76 10 19
34 76 11 20
34 76 12 21
34 76 13 22
34 76 14 23
34 76 15 24
34 76 16 25
34 76 17 26
34 76 18 27
34 76 19 28
34 76 20 29
34 76 21 30
34 76 22 31
34 76 23 32
34 76 24 33
34 76 35 44
34 76 36 45
34 76 37 46
34 76 38 47
34 76 39 48
34 76 40 49
34 76 41 50
34 76 42 51
34 76 43 52
34 76 44 53
34 76 45 54
34 76 46 55
34 76 47 56
34 76 48 57
34 76 49 58
34 76 50 59
34 76 51 60
34 76 52 61
34 76 53 62
34 76 54 63
34 76 55 64
34 76 56 65
34 76 4 15
34 76 5 16
34 76 6 17
34 76 7 18
34 76 8 19
34 76 9 20
34 76 10 21
34 76 11 22
34 76 12 23
34 76 13 24
34 76 14 25
34 76 15 26
34 76 16 27
34 76 17 28
34 76 18 29
34 76 19 30
34 76 20 31
34 76 21 32
34 76 22 33
34 76 35 46
34 76 36 47
34 76 37 48
34 76 38 49
34 76 39 50
34 76 40 51
34 76 41 52
34 76 42 53
34 76 43 54
34 76 44 55
34 76 45 56
34 76 46 57
34 76 47 58
34 76 48 59
34 76 49 60
34 76 50 61
34 76 51 62
34 76 52 63
34 76 53 64
34 76 54 65
38 77 8 9
38 77 9 10
38 77 10 11
38 77 11 12
38 77 12 13
38 77 13 14
38 77 14 15
38 77 15 16
38 77 16 17
38 77 17 18
38 77 18 19
38 77 19 20
38 77 20 21
38 77 21 22
38 77 22 23
38 77 23 24
38 77 24 25
38 77 25 26
38 77 26 27
38 77 27 28
38 77 28 29
38 77 29 30
38 77 30 31
38 77 31 32
38 77 32 33
38 77 33 34
38 77 34 35
38 77 35 36
38 77 36 37
38 77 39 40
38 77 40 41
38 77 41 42
38 77 42 43
38 77 43 44
38 77 44 45
38 77 45 46
38 77 46 47
38 77 47 48
38 77 48 49
38 77 49 50
38 77 50 51
38 77 51 52
38 77 52 53
38 77 53 54
38 77 54 55
38 77 55 56
38 77 56 57
38 77 57 58
38 77 58 59
38 77 59 60
38 77 60 61
38 77 61 62
38 77 62 63
38 77 63 64
38 77 64 65
38 77 65 66
38 77 66 67
38 77 67 68
38 77 8 11
38 77 9 12
38 77 10 13
38 77 11 14
38 77 12 15
38 77 13 16
38 77 14 17
38 77 15 18
38 77 16 19
38 77 17 20
38 77 18 21
38 77 19 22
38 77 20 23
38 77 21 24
38 77 22 25
38 77 23 26
38 77 24 27
38 77 25 28
38 77 26 29
38 77 27 30
38 77 28 31
38 77 29 32
38 77 30 33
38 77 31 34
38 77 32 35
38 77 33 36
38 77 34 37
38 77 39 42
38 77 40 43
38 77 41 44
38 77 42 45
38 77 43 46
38 77 44 47
38 77 45 48
38 77 46 49
38 77 47 50
38 77 48 51
38 77 49 52
38 77 50 53
38 77 51 54
38 77 52 55
38 77 53 56
38 77 54 57
38 77 55 58
38 77 56 59
38 77 57 60
38 77 58 61
38 77 59 62
38 77 60 63
38 77 61 64
38 77 62 65
38 77 63 66
38 77 64 67
38 77 65 68
38 77 66 69
38 77 8 13
38 77 9 14
38 77 10 15
38 77 11 16
38 77 12 17
38 77 13 18
38 77 14 19
38 77 15 20
38 77 16 21
38 77 17 22
38 77 18 23
38 77 19 24
38 77 20 25
38 77 21 26
38 77 22 27
38 77 23 28
38 77 24 29
38 77 25 30
38 77 26 31
38 77 27 32
38 77 28 33
38 77 29 34
38 77 30 35
38 77 31 36
38 77 32 37
38 77 39 44
38 77 40 45
38 77 41 46
38 77 42 47
38 77 43 48
38 77 44 49
38 77 45 50
38 77 46 51
38 77 47 52
38 77 48 53
38 77 49 54
38 77 50 55
38 77 51 56
38 77 52 57
38 77 53 58
38 77 54 59
38 77 55 60
38 77 56 61
38 77 57 62
38 77 58 63
38 77 59 64
38 77 60 65
38 77 61 66
38 77 62 67
38 77 63 68
38 77 64 69
38 77 8 15
38 77 9 16
38 77 10 17
38 77 11 18
38 77 12 19
38 77 13 20
38 77 14 21
38 77 15 22
38 77 16 23
38 77 17 24
38 77 18 25
38 77 19 26
38 77 20 27
38 77 21 28
38 77 22 29
38 77 23 30
38 77 24 31
38 77 25 32
38 77 26 33
38 77 27 34
38 77 28 35
38 77 29 36
38 77 30 37
38 77 39 46
38 77 40 47
38 77 41 48
38 77 42 49
38 77 43 50
38 77 44 51
38 77 45 52
38 77 46 53
38 77 47 54
38 77 48 55
38 77 49 56
38 77 50 57
38 77 51 58
38 77 52 59
38 77 53 60
38 77 54 61
38 77 55 62
38 77 56 63
38 77 57 64
38 77 58 65
38 77 59 66
38 77 60 67
38 77 61 68
38 77 62 69
38 77 8 17
38 77 9 18
38 77 10 19
38 77 11 20
38 77 12 21
38 77 13 22
38 77 14 23
38 77 15 24
38 77 16 25
38 77 17 26
38 77 18 27
38 77 19 28
38 77 20 29
38 77 21 30
38 77 22 31
38 77 23 32
38 77 24 33
38 77 25 34
38 77 26 35
38 77 27 36
38 77 28 37
38 77 39 48
38 77 40 49
38 77 41 50
38 77 42 51
38 77 43 52
38 77 44 53
38 77 45 54
38 77 46 55
38 77 47 56
38 77 48 57
38 77 49 58
38 77 50 59
38 77 51 60
38 77 52 61
38 77 53 62
38 77 54 63
38 77 55 64
38 77 56 65
38 77 57 66
38 77 58 67
38 77 59 68
38 77 60 69
38 77 8 19
38 77 9 20
38 77 10 21
38 77 11 22
38 77 12 23
38 77 13 24
38 77 14 25
38 77 15 26
38 77 16 27
38 77 17 28
38 77 18 29
38 77 19 30
38 77 20 31
38 77 21 32
38 77 22 33
38 77 23 34
38 77 24 35
38 77 25 36
38 77 26 37
38 77 39 50
38 77 40 51
38 77 41 52
38 77 42 53
38 77 43 54
38 77 44 55
38 77 45 56
38 77 46 57
38 77 47 58
38 77 48 59
38 77 49 60
38 77 50 61
38 77 51 62
38 77 52 63
38 77 53 64
38 77 54 65
38 77 55 66
38 77 56 67
38 77 57 68
38 77 58 69
42 78 12 13
42 78 13 14
42 78 14 15
42 78 15 16
42 78 16 17
42 78 17 18
42 78 18 19
42 78 19 20
42 78 20 21
42 78 21 22
42 78 22 23
42 78 23 24
42 78 24 25
42 78 25 26
42 78 26 27
42 78 27 28
42 78 28 29
42 78 29 30
42 78 30 31
42 78 31 32
42 78 32 33
42 78 33 34
42 78 34 35
42 78 35 36
42 78 36 37
42 78 37 38
42 78 38 39
42 78 39 40
42 78 40 41
42 78 43 44
42 78 44 45
42 78 45 46
42 78 46 47
42 78 47 48
42 78 48 49
42 78 49 50
42 78 50 51
42 78 51 52
42 78 52 53
42 78 53 54
42 78 54 55
42 78 55 56
42 78 56 57
42 78 57 58
42 78 58 59
42 78 59 60
42 78 60 61
42 78 61 62
42 78 62 63
42 78 63 64
42 78 64 65
42 78 65 66
42 78 66 67
42 78 67 68
42 78 68 69
42 78 69 70
42 78 70 71
42 78 71 72
42 78 12 15
42 78 13 16
42 78 14 17
42 78 15 18
42 78 16 19
42 78 17 20
42 78 18 21
42 78 19 22
42 78 20 23
42 78 21 24
42 78 22 25
42 78 23 26
42 78 24 27
42 78 25 28
42 78 26 29
42 78 27 30
42 78 28 31
42 78 29 32
42 78 30 33
42 78 31 34
42 78 32 35
42 78 33 36
42 78 34 37
42 78 35 38
42 78 36 39
42 78 37 40
42 78 38 41
42 78 43 46
42 78 44 47
42 78 45 48
42 78 46 49
42 78 47 50
42 78 48 51
42 78 49 52
42 78 50 53
42 78 51 54
42 78 52 55
42 78 53 56
42 78 54 57
42 78 55 58
42 78 56 59
42 78 57 60
42 78 58 61
42 78 59 62
42 78 60 63
42 78 61 64
42 78 62 65
42 78 63 66
42 78 64 67
42 78 65 68
42 78 66 69
42 78 67 70
42 78 68 71
42 78 69 72
42 78 12 17
42 78 13 18
42 78 14 19
42 78 15 20
42 78 16 21
42 78 17 22
42 78 18 23
42 78 19 24
42 78 20 25
42 78 21 26
42 78 22 27
42 78 23 28
42 78 24 29
42 78 25 30
42 78 26 31
42 78 27 32
42 78 28 33
42 78 29 34
42 78 30 35
42 78 31 36
42 78 32 37
42 78 33 38
42 78 34 39
42 78 35 40
42 78 36 41
42 78 43 48
42 78 44 49
42 78 45 50
42 78 46 51
42 78 47 52
42 78 48 53
42 78 49 54
42 78 50 55
42 78 51 56
42 78 52 57
42 78 53 58
42 78 54 59
42 78 55 60
42 78 56 61
42 78 57 62
42 78 58 63
42 78 59 64
42 78 60 65
42 78 61 66
42 78 62 67
42 78 63 68
42 78 64 69
42 78 65 70
42 78 66 71
42 78 67 72
42 78 12 19
42 78 13 20
42 78 14 21
42 78 15 22
42 78 16 23
42 78 17 24
42 78 18 25
42 78 19 26
42 78 20 27
42 78 21 28
42 78 22 29
42 78 23 30
42 78 24 31
42 78 25 32
42 78 26 33
42 78 27 34
42 78 28 35
42 78 29 36
42 78 30 37
42 78 31 38
42 78 32 39
42 78 33 40
42 78 34 41
42 78 43 50
42 78 44 51
42 78 45 52
42 78 46 53
42 78 47 54
42 78 48 55
42 78 49 56
42 78 50 57
42 78 51 58
42 78 52 59
42 78 53 60
42 78 54 61
42 78 55 62
42 78 56 63
42 78 57 64
42 78 58 65
42 78 59 66
42 78 60 67
42 78 61 68
42 78 62 69
42 78 63 70
42 78 64 71
42 78 65 72
42 78 12 21
42 78 13 22
42 78 14 23
42 78 15 24
42 78 16 25
42 78 17 26
42 78 18 27
42 78 19 28
42 78 20 29
42 78 21 30
42 78 22 31
42 78 23 32
42 78 24 33
42 78 25 34
42 78 26 35
42 78 27 36
42 78 28 37
42 78 29 38
42 78 30 39
42 78 31 40
42 78 32 41
42 78 43 52
42 78 44 53
42 78 45 54
42 78 46 55
42 78 47 56
42 78 48 57
42 78 49 58
42 78 50 59
42 78 51 60
42 78 52 61
42 78 53 62
42 78 54 63
42 78 55 64
42 78 56 65
42 78 57 66
42 78 58 67
42 78 59 68
42 78 60 69
42 78 61 70
42 78 62 71
42 78 63 72
42 78 12 23
42 78 13 24
42 78 14 25
42 78 15 26
42 78 16 27
42 78 17 28
42 78 18 29
42 78 19 30
42 78 20 31
42 78 21 32
42 78 22 33
42 78 23 34
42 78 24 35
42 78 25 36
42 78 26 37
42 78 27 38
42 78 28 39
42 78 29 40
42 78 30 41
42 78 43 54
42 78 44 55
42 78 45 56
42 78 46 57
42 78 47 58
42 78 48 59
42 78 49 60
42 78 50 61
42 78 51 62
42 78 52 63
42 78 53 64
42 78 54 65
42 78 55 66
42 78 56 67
42 78 57 68
42 78 58 69
42 78 59 70
42 78 60 71
42 78 61 72
46 79 16 17
46 79 17 18
46 79 18 19
46 79 19 20
46 79 20 21
46 79 21 22
46 79 22 23
46 79 23 24
46 79 24 25
46 79 25 26
46 79 26 27
46 79 27 28
46 79 28 29
46 79 29 30
46 79 30 31
46 79 31 32
46 79 32 33
46 79 33 34
46 79 34 35
46 79 35 36
46 79 36 37
46 79 37 38
46 79 38 39
46 79 39 40
46 79 40 41
46 79 41 42
46 79 42 43
46 79 43 44
46 79 44 45
46 79 47 48
46 79 48 49
46 79 49 50
46 79 50 51
46 79 51 52
46 79 52 53
46 79 53 54
46 79 54 55
46 79 55 56
46 79 56 57
46 79 57 58
46 79 58 59
46 79 59 60
46 79 60 61
46 79 61 62
46 79 62 63
46 79 63 64
46 79 64 65
46 79 65 66
46 79 66 67
46 79 67 68
46 79 68 69
46 79 69 70
46 79 70 71
46 79 71 72
46 79 16 19
46 79 17 20
46 79 18 21
46 79 19 22
46 79 20 23
46 79 21 24
46 79 22 25
46 79 23 26
46 79 24 27
46 79 25 28
46 79 26 29
46 79 27 30
46 79 28 31
46 79 29 32
46 79 30 33
46 79 31 34
46 79 32 35
46 79 33 36
46 79 34 37
46 79 35 38
46 79 36 39
46 79 37 40
46 79 38 41
46 79 39 42
46 79 40 43
46 79 41 44
46 79 42 45
46 79 47 50
46 79 48 51
46 79 49 52
46 79 50 53
46 79 51 54
46 79 52 55
46 79 53 56
46 79 54 57
46 79 55 58
46 79 56 59
46 79 57 60
46 79 58 61
46 79 59 62
46 79 60 63
46 79 61 64
46 79 62 65
46 79 63 66
46 79 64 67
46 79 65 68
46 79 66 69
46 79 67 70
46 79 68 71
46 79 69 72
46 79 16 21
46 79 17 22
46 79 18 23
46 79 19 24
46 79 20 25
46 79 21 26
46 79 22 27
46 79 23 28
46 79 24 29
46 79 25 30
46 79 26 31
46 79 27 32
46 79 28 33
46 79 29 34
46 79 30 35
46 79 31 36
46 79 32 37
46 79 33 38
46 79 34 39
46 79 35 40
46 79 36 41
46 79 37 42
46 79 38 43
46 79 39 44
46 79 40 45
46 79 47 52
46 79 48 53
46 79 49 54
46 79 50 55
46 79 51 56
46 79 52 57
46 79 53 58
46 79 54 59
46 79 55 60
46 79 56 61
46 79 57 62
46 79 58 63
46 79 59 64
46 79 60 65
46 79 61 66
46 79 62 67
46 79 63 68
46 79 64 69
46 79 65 70
46 79 66 71
46 79 67 72
46 79 16 23
46 79 17 24
46 79 18 25
46 79 19 26
46 79 20 27
46 79 21 28
46 79 22 29
46 79 23 30
46 79 24 31
46 79 25 32
46 79 26 33
46 79 27 34
46 79 28 35
46 79 29 36
46 79 30 37
46 79 31 38
46 79 32 39
46 79 33 40
46 79 34 41
46 79 35 42
46 79 36 43
46 79 37 44
46 79 38 45
46 79 47 54
46 79 48 55
46 79 49 56
46 79 50 57
46 79 51 58
46 79 52 59
46 79 53 60
46 79 54 61
46 79 55 62
46 79 56 63
46 79 57 64
46 79 58 65
46 79 59 66
46 79 60 67
46 79 61 68
46 79 62 69
46 79 63 70
46 79 64 71
46 79 65 72
46 79 16 25
46 79 17 26
46 79 18 27
46 79 19 28
46 79 20 29
46 79 21 30
46 79 22 31
46 79 23 32
46 79 24 33
46 79 25 34
46 79 26 35
46 79 27 36
46 79 28 37
46 79 29 38
46 79 30 39
46 79 31 40
46 79 32 41
46 79 33 42
46 79 34 43
46 79 35 44
46 79 36 45
46 79 47 56
46 79 48 57
46 79 49 58
46 79 50 59
46 79 51 60
46 79 52 61
46 79 53 62
46 79 54 63
46 79 55 64
46 79 56 65
46 79 57 66
46 79 58 67
46 79 59 68
46 79 60 69
46 79 61 70
46 79 62 71
46 79 63 72
46 79 16 27
46 79 17 28
46 79 18 29
46 79 19 30
46 79 20 31
46 79 21 32
46 79 22 33
46 79 23 34
46 79 24 35
46 79 25 36
46 79 26 37
46 79 27 38
46 79 28 39
46 79 29 40
46 79 30 41
46 79 31 42
46 79 32 43
46 79 33 44
46 79 34 45
46 79 47 58
46 79 48 59
46 79 49 60
46 79 50 61
46 79 51 62
46 79 52 63
46 79 53 64
46 79 54 65
46 79 55 66
46 79 56 67
46 79 57 68
46 79 58 69
46 79 59 70
46 79 60 71
46 79 61 72
50 80 20 21
50 80 21 22
50 80 22 23
50 80 23 24
50 80 24 25
50 80 25 26
50 80 26 27
50 80 27 28
50 80 28 29
50 80 29 30
50 80 30 31
50 80 31 32
50 80 32 33
50 80 33 34
50 80 34 35
50 80 35 36
50 80 36 37
50 80 37 38
50 80 38 39
50 80 39 40
50 80 40 41
50 80 41 42
50 80 42 43
50 80 43 44
50 80 44 45
50 80 45 46
50 80 46 47
50 80 47 48
50 80 48 49
50 80 51 52
50 80 52 53
50 80 53 54
50 80 54 55
50 80 55 56
50 80 56 57
50 80 57 58
50 80 58 59
50 80 59 60
50 80 60 61
50 80 61 62
50 80 62 63
50 80 63 64
50 80 64 65
50 80 65 66
50 80 66 67
50 80 67 68
50 80 68 69
50 80 69 70
50 80 70 71
50 80 71 72
50 80 20 23
50 80 21 24
50 80 22 25
50 80 23 26
50 80 24 27
50 80 25 28
50 80 26 29
50 80 27 30
50 80 28 31
50 80 29 32
50 80 30 33
50 80 31 34
50 80 32 35
50 80 33 36
50 80 34 37
50 80 35 38
50 80 36 39
50 80 37 40
50 80 38 41
50 80 39 42
50 80 40 43
50 80 41 44
50 80 42 45
50 80 43 46
50 80 44 47
50 80 45 48
50 80 46 49
50 80 51 54
50 80 52 55
50 80 53 56
50 80 54 57
50 80 55 58
50 80 56 59
50 80 57 60
50 80 58 61
50 80 59 62
50 80 60 63
50 80 61 64
50 80 62 65
50 80 63 66
50 80 64 67
50 80 65 68
50 80 66 69
50 80 67 70
50 80 68 71
50 80 69 72
50 80 20 25
50 80 21 26
50 80 22 27
50 80 23 28
50 80 24 29
50 80 25 30
50 80 26 31
50 80 27 32
50 80 28 33
50 80 29 34
50 80 30 35
50 80 31 36
50 80 32 37
50 80 33 38
50 80 34 39
50 80 35 40
50 80 36 41
50 80 37 42
50 80 38 43
50 80 39 44
50 80 40 45
50 80 41 46
50 80 42 47
50 80 43 48
50 80 44 49
50 80 51 56
50 80 52 57
50 80 53 58
50 80 54 59
50 80 55 60
50 80 56 61
50 80 57 62
50 80 58 63
50 80 59 64
50 80 60 65
50 80 61 66
50 80 62 67
50 80 63 68
50 80 64 69
50 80 65 70
50 80 66 71
50 80 67 72
50 80 20 27
50 80 21 28
50 80 22 29
50 80 23 30
50 80 24 31
50 80 25 32
50 80 26 33
50 80 27 34
50 80 28 35
50 80 29 36
50 80 30 37
50 80 31 38
50 80 32 39
50 80 33 40
50 80 34 41
50 80 35 42
50 80 36 43
50 80 37 44
50 80 38 45
50 80 39 46
50 80 40 47
50 80 41 48
50 80 42 49
50 80 51 58
50 80 52 59
50 80 53 60
50 80 54 61
50 80 55 62
50 80 56 63
50 80 57 64
50 80 58 65
50 80 59 66
50 80 60 67
50 80 61 68
50 80 62 69
50 80 63 70
50 80 64 71
50 80 65 72
50 80 20 29
50 80 21 30
50 80 22 31
50 80 23 32
50 80 24 33
50 80 25 34
50 80 26 35
50 80 27 36
50 80 28 37
50 80 29 38
50 80 30 39
50 80 31 40
50 80 32 41
50 80 33 42
50 80 34 43
50 80 35 44
50 80 36 45
50 80 37 46
50 80 38 47
50 80 39 48
50 80 40 49
50 80 51 60
50 80 52 61
50 80 53 62
50 80 54 63
50 80 55 64
50 80 56 65
50 80 57 66
50 80 58 67
50 80 59 68
50 80 60 69
50 80 61 70
50 80 62 71
50 80 63 72
50 80 20 31
50 80 21 32
50 80 22 33
50 80 23 34
50 80 24 35
50 80 25 36
50 80 26 37
50 80 27 38
50 80 28 39
50 80 29 40
50 80 30 41
50 80 31 42
50 80 32 43
50 80 33 44
50 80 34 45
50 80 35 46
50 80 36 47
50 80 37 48
50 80 38 49
50 80 51 62
50 80 52 63
50 80 53 64
50 80 54 65
50 80 55 66
50 80 56 67
50 80 57 68
50 80 58 69
50 80 59 70
50 80 60 71
50 80 61 72
