80
# X Y Z
0.0 0.0 0.0
1.5 0.0 0.0
3.0 0.0 0.0
4.5 0.0 0.0
6.0 0.0 0.0
7.5 0.0 0.0
9.0 0.0 0.0
10.5 0.0 0.0
12.0 0.0 0.0
13.5 0.0 0.0
15.0 0.0 0.0
16.5 0.0 0.0
18.0 0.0 0.0
19.5 0.0 0.0
21.0 0.0 0.0
22.5 0.0 0.0
24.0 0.0 0.0
25.5 0.0 0.0
27.0 0.0 0.0
28.5 0.0 0.0
30.0 0.0 0.0
31.5 0.0 0.0
33.0 0.0 0.0
34.5 0.0 0.0
36.0 0.0 0.0
37.5 0.0 0.0
39.0 0.0 0.0
40.5 0.0 0.0
42.0 0.0 0.0
43.5 0.0 0.0
45.0 0.0 0.0
46.5 0.0 0.0
48.0 0.0 0.0
49.5 0.0 0.0
51.0 0.0 0.0
52.5 0.0 0.0
54.0 0.0 0.0
55.5 0.0 0.0
57.0 0.0 0.0
58.5 0.0 0.0
60.0 0.0 0.0
61.5 0.0 0.0
63.0 0.0 0.0
64.5 0.0 0.0
66.0 0.0 0.0
67.5 0.0 0.0
69.0 0.0 0.0
70.5 0.0 0.0
72.0 0.0 0.0
73.5 0.0 0.0
75.0 0.0 0.0
76.5 0.0 0.0
78.0 0.0 0.0
79.5 0.0 0.0
81.0 0.0 0.0
82.5 0.0 0.0
84.0 0.0 0.0
85.5 0.0 0.0
87.0 0.0 0.0
88.5 0.0 0.0
90.0 0.0 0.0
91.5 0.0 0.0
93.0 0.0 0.0
94.5 0.0 0.0
96.0 0.0 0.0
97.5 0.0 0.0
99.0 0.0 0.0
100.5 0.0 0.0
102.0 0.0 0.0
103.5 0.0 0.0
105.0 0.0 0.0
106.5 0.0 0.0
32.25 -11.0 0.0
38.25 -11.0 0.0
44.25 -11.0 0.0
50.25 -11.0 0.0
56.25 -8.0 0.0
62.25 -8.0 0.0
68.25 -8.0 0.0
74.25 -8.0 0.0
868
# A B M N
23 74 26 73
22 74 27 73
21 74 28 73
20 74 29 73
19 74 30 73
18 74 31 73
17 74 32 73
16 74 33 73
15 74 34 73
14 74 35 73
13 74 36 73
23 75 30 73
22 75 31 73
21 75 32 73
20 75 33 73
19 75 34 73
18 75 35 73
17 75 36 73
16 75 37 73
15 75 38 73
14 75 39 73
13 75 40 73
23 76 34 73
22 76 35 73
21 76 36 73
20 76 37 73
19 76 38 73
18 76 39 73
17 76 40 73
16 76 41 73
15 76 42 73
14 76 43 73
13 76 44 73
23 77 38 73
22 77 39 73
21 77 40 73
20 77 41 73
19 77 42 73
18 77 43 73
17 77 44 73
16 77 45 73
15 77 46 73
14 77 47 73
13 77 48 73
23 78 42 73
22 78 43 73
21 78 44 73
20 78 45 73
19 78 46 73
18 78 47 73
17 78 48 73
16 78 49 73
15 78 50 73
14 78 51 73
13 78 52 73
23 79 46 73
22 79 47 73
21 79 48 73
20 79 49 73
19 79 50 73
18 79 51 73
17 79 52 73
16 79 53 73
15 79 54 73
14 79 55 73
13 79 56 73
23 80 50 73
22 80 51 73
21 80 52 73
20 80 53 73
19 80 54 73
18 80 55 73
17 80 56 73
16 80 57 73
15 80 58 73
14 80 59 73
13 80 60 73
27 75 30 74
26 75 31 74
25 75 32 74
24 75 33 74
23 75 34 74
22 75 35 74
21 75 36 74
20 75 37 74
19 75 38 74
18 75 39 74
17 75 40 74
27 76 34 74
26 76 35 74
25 76 36 74
24 76 37 74
23 76 38 74
22 76 39 74
21 76 40 74
20 76 41 74
19 76 42 74
18 76 43 74
17 76 44 74
27 77 38 74
26 77 39 74
25 77 40 74
24 77 41 74
23 77 42 74
22 77 43 74
21 77 44 74
20 77 45 74
19 77 46 74
18 77 47 74
17 77 48 74
27 78 42 74
26 78 43 74
25 78 44 74
24 78 45 74
23 78 46 74
22 78 47 74
21 78 48 74
20 78 49 74
19 78 50 74
18 78 51 74
17 78 52 74
27 79 46 74
26 79 47 74
25 79 48 74
24 79 49 74
23 79 50 74
22 79 51 74
21 79 52 74
20 79 53 74
19 79 54 74
18 79 55 74
17 79 56 74
27 80 50 74
26 80 51 74
25 80 52 74
24 80 53 74
23 80 54 74
22 80 55 74
21 80 56 74
20 80 57 74
19 80 58 74
18 80 59 74
17 80 60 74
31 76 34 75
30 76 35 75
29 76 36 75
28 76 37 75
27 76 38 75
26 76 39 75
25 76 40 75
24 76 41 75
23 76 42 75
22 76 43 75
21 76 44 75
31 77 38 75
30 77 39 75
29 77 40 75
28 77 41 75
27 77 42 75
26 77 43 75
25 77 44 75
24 77 45 75
23 77 46 75
22 77 47 75
21 77 48 75
31 78 42 75
30 78 43 75
29 78 44 75
28 78 45 75
27 78 46 75
26 78 47 75
25 78 48 75
24 78 49 75
23 78 50 75
22 78 51 75
21 78 52 75
31 79 46 75
30 79 47 75
29 79 48 75
28 79 49 75
27 79 50 75
26 79 51 75
25 79 52 75
24 79 53 75
23 79 54 75
22 79 55 75
21 79 56 75
31 80 50 75
30 80 51 75
29 80 52 75
28 80 53 75
27 80 54 75
26 80 55 75
25 80 56 75
24 80 57 75
23 80 58 75
22 80 59 75
21 80 60 75
35 77 38 76
34 77 39 76
33 77 40 76
32 77 41 76
31 77 42 76
30 77 43 76
29 77 44 76
28 77 45 76
27 77 46 76
26 77 47 76
25 77 48 76
35 78 42 76
34 78 43 76
33 78 44 76
32 78 45 76
31 78 46 76
30 78 47 76
29 78 48 76
28 78 49 76
27 78 50 76
26 78 51 76
25 78 52 76
35 79 46 76
34 79 47 76
33 79 48 76
32 79 49 76
31 79 50 76
30 79 51 76
29 79 52 76
28 79 53 76
27 79 54 76
26 79 55 76
25 79 56 76
35 80 50 76
34 80 51 76
33 80 52 76
32 80 53 76
31 80 54 76
30 80 55 76
29 80 56 76
28 80 57 76
27 80 58 76
26 80 59 76
25 80 60 76
39 78 42 77
38 78 43 77
37 78 44 77
36 78 45 77
35 78 46 77
34 78 47 77
33 78 48 77
32 78 49 77
31 78 50 77
30 78 51 77
29 78 52 77
39 79 46 77
38 79 47 77
37 79 48 77
36 79 49 77
35 79 50 77
34 79 51 77
33 79 52 77
32 79 53 77
31 79 54 77
30 79 55 77
29 79 56 77
39 80 50 77
38 80 51 77
37 80 52 77
36 80 53 77
35 80 54 77
34 80 55 77
33 80 56 77
32 80 57 77
31 80 58 77
30 80 59 77
29 80 60 77
43 79 46 78
42 79 47 78
41 79 48 78
40 79 49 78
39 79 50 78
38 79 51 78
37 79 52 78
36 79 53 78
35 79 54 78
34 79 55 78
33 79 56 78
43 80 50 78
42 80 51 78
41 80 52 78
40 80 53 78
39 80 54 78
38 80 55 78
37 80 56 78
36 80 57 78
35 80 58 78
34 80 59 78
33 80 60 78
47 80 50 79
46 80 51 79
45 80 52 79
44 80 53 79
43 80 54 79
42 80 55 79
41 80 56 79
40 80 57 79
39 80 58 79
38 80 59 79
37 80 60 79
22 74 26 73
21 74 26 73
20 74 26 73
19 74 26 73
18 74 26 73
17 74 26 73
16 74 26 73
15 74 26 73
14 74 26 73
13 74 26 73
22 75 30 73
21 75 30 73
20 75 30 73
19 75 30 73
18 75 30 73
17 75 30 73
16 75 30 73
15 75 30 73
14 75 30 73
13 75 30 73
22 76 34 73
21 76 34 73
20 76 34 73
19 76 34 73
18 76 34 73
17 76 34 73
16 76 34 73
15 76 34 73
14 76 34 73
13 76 34 73
22 77 38 73
21 77 38 73
20 77 38 73
19 77 38 73
18 77 38 73
17 77 38 73
16 77 38 73
15 77 38 73
14 77 38 73
13 77 38 73
22 78 42 73
21 78 42 73
20 78 42 73
19 78 42 73
18 78 42 73
17 78 42 73
16 78 42 73
15 78 42 73
14 78 42 73
13 78 42 73
22 79 46 73
21 79 46 73
20 79 46 73
19 79 46 73
18 79 46 73
17 79 46 73
16 79 46 73
15 79 46 73
14 79 46 73
13 79 46 73
22 80 50 73
21 80 50 73
20 80 50 73
19 80 50 73
18 80 50 73
17 80 50 73
16 80 50 73
15 80 50 73
14 80 50 73
13 80 50 73
26 75 30 74
25 75 30 74
24 75 30 74
23 75 30 74
22 75 30 74
21 75 30 74
20 75 30 74
19 75 30 74
18 75 30 74
17 75 30 74
26 76 34 74
25 76 34 74
24 76 34 74
23 76 34 74
22 76 34 74
21 76 34 74
20 76 34 74
19 76 34 74
18 76 34 74
17 76 34 74
26 77 38 74
25 77 38 74
24 77 38 74
23 77 38 74
22 77 38 74
21 77 38 74
20 77 38 74
19 77 38 74
18 77 38 74
17 77 38 74
26 78 42 74
25 78 42 74
24 78 42 74
23 78 42 74
22 78 42 74
21 78 42 74
20 78 42 74
19 78 42 74
18 78 42 74
17 78 42 74
26 79 46 74
25 79 46 74
24 79 46 74
23 79 46 74
22 79 46 74
21 79 46 74
20 79 46 74
19 79 46 74
18 79 46 74
17 79 46 74
26 80 50 74
25 80 50 74
24 80 50 74
23 80 50 74
22 80 50 74
21 80 50 74
20 80 50 74
19 80 50 74
18 80 50 74
17 80 50 74
30 76 34 75
29 76 34 75
28 76 34 75
27 76 34 75
26 76 34 75
25 76 34 75
24 76 34 75
23 76 34 75
22 76 34 75
21 76 34 75
30 77 38 75
29 77 38 75
28 77 38 75
27 77 38 75
26 77 38 75
25 77 38 75
24 77 38 75
23 77 38 75
22 77 38 75
21 77 38 75
30 78 42 75
29 78 42 75
28 78 42 75
27 78 42 75
26 78 42 75
25 78 42 75
24 78 42 75
23 78 42 75
22 78 42 75
21 78 42 75
30 79 46 75
29 79 46 75
28 79 46 75
27 79 46 75
26 79 46 75
25 79 46 75
24 79 46 75
23 79 46 75
22 79 46 75
21 79 46 75
30 80 50 75
29 80 50 75
28 80 50 75
27 80 50 75
26 80 50 75
25 80 50 75
24 80 50 75
23 80 50 75
22 80 50 75
21 80 50 75
34 77 38 76
33 77 38 76
32 77 38 76
31 77 38 76
30 77 38 76
29 77 38 76
28 77 38 76
27 77 38 76
26 77 38 76
25 77 38 76
34 78 42 76
33 78 42 76
32 78 42 76
31 78 42 76
30 78 42 76
29 78 42 76
28 78 42 76
27 78 42 76
26 78 42 76
25 78 42 76
34 79 46 76
33 79 46 76
32 79 46 76
31 79 46 76
30 79 46 76
29 79 46 76
28 79 46 76
27 79 46 76
26 79 46 76
25 79 46 76
34 80 50 76
33 80 50 76
32 80 50 76
31 80 50 76
30 80 50 76
29 80 50 76
28 80 50 76
27 80 50 76
26 80 50 76
25 80 50 76
38 78 42 77
37 78 42 77
36 78 42 77
35 78 42 77
34 78 42 77
33 78 42 77
32 78 42 77
31 78 42 77
30 78 42 77
29 78 42 77
38 79 46 77
37 79 46 77
36 79 46 77
35 79 46 77
34 79 46 77
33 79 46 77
32 79 46 77
31 79 46 77
30 79 46 77
29 79 46 77
38 80 50 77
37 80 50 77
36 80 50 77
35 80 50 77
34 80 50 77
33 80 50 77
32 80 50 77
31 80 50 77
30 80 50 77
29 80 50 77
42 79 46 78
41 79 46 78
40 79 46 78
39 79 46 78
38 79 46 78
37 79 46 78
36 79 46 78
35 79 46 78
34 79 46 78
33 79 46 78
42 80 50 78
41 80 50 78
40 80 50 78
39 80 50 78
38 80 50 78
37 80 50 78
36 80 50 78
35 80 50 78
34 80 50 78
33 80 50 78
46 80 50 79
45 80 50 79
44 80 50 79
43 80 50 79
42 80 50 79
41 80 50 79
40 80 50 79
39 80 50 79
38 80 50 79
37 80 50 79
23 74 27 73
23 74 28 73
23 74 29 73
23 74 30 73
23 74 31 73
23 74 32 73
23 74 33 73
23 74 34 73
23 74 35 73
23 74 36 73
23 75 31 73
23 75 32 73
23 75 33 73
23 75 34 73
23 75 35 73
23 75 36 73
23 75 37 73
23 75 38 73
23 75 39 73
23 75 40 73
23 76 35 73
23 76 36 73
23 76 37 73
23 76 38 73
23 76 39 73
23 76 40 73
23 76 41 73
23 76 42 73
23 76 43 73
23 76 44 73
23 77 39 73
23 77 40 73
23 77 41 73
23 77 42 73
23 77 43 73
23 77 44 73
23 77 45 73
23 77 46 73
23 77 47 73
23 77 48 73
23 78 43 73
23 78 44 73
23 78 45 73
23 78 46 73
23 78 47 73
23 78 48 73
23 78 49 73
23 78 50 73
23 78 51 73
23 78 52 73
23 79 47 73
23 79 48 73
23 79 49 73
23 79 50 73
23 79 51 73
23 79 52 73
23 79 53 73
23 79 54 73
23 79 55 73
23 79 56 73
23 80 51 73
23 80 52 73
23 80 53 73
23 80 54 73
23 80 55 73
23 80 56 73
23 80 57 73
23 80 58 73
23 80 59 73
23 80 60 73
27 75 31 74
27 75 32 74
27 75 33 74
27 75 34 74
27 75 35 74
27 75 36 74
27 75 37 74
27 75 38 74
27 75 39 74
27 75 40 74
27 76 35 74
27 76 36 74
27 76 37 74
27 76 38 74
27 76 39 74
27 76 40 74
27 76 41 74
27 76 42 74
27 76 43 74
27 76 44 74
27 77 39 74
27 77 40 74
27 77 41 74
27 77 42 74
27 77 43 74
27 77 44 74
27 77 45 74
27 77 46 74
27 77 47 74
27 77 48 74
27 78 43 74
27 78 44 74
27 78 45 74
27 78 46 74
27 78 47 74
27 78 48 74
27 78 49 74
27 78 50 74
27 78 51 74
27 78 52 74
27 79 47 74
27 79 48 74
27 79 49 74
27 79 50 74
27 79 51 74
27 79 52 74
27 79 53 74
27 79 54 74
27 79 55 74
27 79 56 74
27 80 51 74
27 80 52 74
27 80 53 74
27 80 54 74
27 80 55 74
27 80 56 74
27 80 57 74
27 80 58 74
27 80 59 74
27 80 60 74
31 76 35 75
31 76 36 75
31 76 37 75
31 76 38 75
31 76 39 75
31 76 40 75
31 76 41 75
31 76 42 75
31 76 43 75
31 76 44 75
31 77 39 75
31 77 40 75
31 77 41 75
31 77 42 75
31 77 43 75
31 77 44 75
31 77 45 75
31 77 46 75
31 77 47 75
31 77 48 75
31 78 43 75
31 78 44 75
31 78 45 75
31 78 46 75
31 78 47 75
31 78 48 75
31 78 49 75
31 78 50 75
31 78 51 75
31 78 52 75
31 79 47 75
31 79 48 75
31 79 49 75
31 79 50 75
31 79 51 75
31 79 52 75
31 79 53 75
31 79 54 75
31 79 55 75
31 79 56 75
31 80 51 75
31 80 52 75
31 80 53 75
31 80 54 75
31 80 55 75
31 80 56 75
31 80 57 75
31 80 58 75
31 80 59 75
31 80 60 75
35 77 39 76
35 77 40 76
35 77 41 76
35 77 42 76
35 77 43 76
35 77 44 76
35 77 45 76
35 77 46 76
35 77 47 76
35 77 48 76
35 78 43 76
35 78 44 76
35 78 45 76
35 78 46 76
35 78 47 76
35 78 48 76
35 78 49 76
35 78 50 76
35 78 51 76
35 78 52 76
35 79 47 76
35 79 48 76
35 79 49 76
35 79 50 76
35 79 51 76
35 79 52 76
35 79 53 76
35 79 54 76
35 79 55 76
35 79 56 76
35 80 51 76
35 80 52 76
35 80 53 76
35 80 54 76
35 80 55 76
35 80 56 76
35 80 57 76
35 80 58 76
35 80 59 76
35 80 60 76
39 78 43 77
39 78 44 77
39 78 45 77
39 78 46 77
39 78 47 77
39 78 48 77
39 78 49 77
39 78 50 77
39 78 51 77
39 78 52 77
39 79 47 77
39 79 48 77
39 79 49 77
39 79 50 77
39 79 51 77
39 79 52 77
39 79 53 77
39 79 54 77
39 79 55 77
39 79 56 77
39 80 51 77
39 80 52 77
39 80 53 77
39 80 54 77
39 80 55 77
39 80 56 77
39 80 57 77
39 80 58 77
39 80 59 77
39 80 60 77
43 79 47 78
43 79 48 78
43 79 49 78
43 79 50 78
43 79 51 78
43 79 52 78
43 79 53 78
43 79 54 78
43 79 55 78
43 79 56 78
43 80 51 78
43 80 52 78
43 80 53 78
43 80 54 78
43 80 55 78
43 80 56 78
43 80 57 78
43 80 58 78
43 80 59 78
43 80 60 78
47 80 51 79
47 80 52 79
47 80 53 79
47 80 54 79
47 80 55 79
47 80 56 79
47 80 57 79
47 80 58 79
47 80 59 79
47 80 60 79
