80
# X Y Z
0.0 0.0 0.0
1.5 0.0 0.0
3.0 0.0 0.0
4.5 0.0 0.0
6.0 0.0 0.0
7.5 0.0 0.0
9.0 0.0 0.0
10.5 0.0 0.0
12.0 0.0 0.0
13.5 0.0 0.0
15.0 0.0 0.0
16.5 0.0 0.0
18.0 0.0 0.0
19.5 0.0 0.0
21.0 0.0 0.0
22.5 0.0 0.0
24.0 0.0 0.0
25.5 0.0 0.0
27.0 0.0 0.0
28.5 0.0 0.0
30.0 0.0 0.0
31.5 0.0 0.0
33.0 0.0 0.0
34.5 0.0 0.0
36.0 0.0 0.0
37.5 0.0 0.0
39.0 0.0 0.0
40.5 0.0 0.0
42.0 0.0 0.0
43.5 0.0 0.0
45.0 0.0 0.0
46.5 0.0 0.0
48.0 0.0 0.0
49.5 0.0 0.0
51.0 0.0 0.0
52.5 0.0 0.0
54.0 0.0 0.0
55.5 0.0 0.0
57.0 0.0 0.0
58.5 0.0 0.0
60.0 0.0 0.0
61.5 0.0 0.0
63.0 0.0 0.0
64.5 0.0 0.0
66.0 0.0 0.0
67.5 0.0 0.0
69.0 0.0 0.0
70.5 0.0 0.0
72.0 0.0 0.0
73.5 0.0 0.0
75.0 0.0 0.0
76.5 0.0 0.0
78.0 0.0 0.0
79.5 0.0 0.0
81.0 0.0 0.0
82.5 0.0 0.0
84.0 0.0 0.0
85.5 0.0 0.0
87.0 0.0 0.0
88.5 0.0 0.0
90.0 0.0 0.0
91.5 0.0 0.0
93.0 0.0 0.0
94.5 0.0 0.0
96.0 0.0 0.0
97.5 0.0 0.0
99.0 0.0 0.0
100.5 0.0 0.0
102.0 0.0 0.0
103.5 0.0 0.0
105.0 0.0 0.0
106.5 0.0 0.0
32.25 -11.0 0.0
38.25 -11.0 0.0
44.25 -11.0 0.0
50.25 -11.0 0.0
56.25 -8.0 0.0
62.25 -8.0 0.0
68.25 -8.0 0.0
74.25 -8.0 0.0
448
# A B M N
23 73 26 74
22 73 27 74
21 73 28 74
20 73 29 74
19 73 30 74
18 73 31 74
23 73 30 75
22 73 31 75
21 73 32 75
20 73 33 75
19 73 34 75
18 73 35 75
23 73 34 76
22 73 35 76
21 73 36 76
20 73 37 76
19 73 38 76
18 73 39 76
23 73 38 77
22 73 39 77
21 73 40 77
20 73 41 77
19 73 42 77
18 73 43 77
23 73 42 78
22 73 43 78
21 73 44 78
20 73 45 78
19 73 46 78
18 73 47 78
23 73 46 79
22 73 47 79
21 73 48 79
20 73 49 79
19 73 50 79
18 73 51 79
23 73 50 80
22 73 51 80
21 73 52 80
20 73 53 80
19 73 54 80
18 73 55 80
27 74 30 75
26 74 31 75
25 74 32 75
24 74 33 75
23 74 34 75
22 74 35 75
27 74 34 76
26 74 35 76
25 74 36 76
24 74 37 76
23 74 38 76
22 74 39 76
27 74 38 77
26 74 39 77
25 74 40 77
24 74 41 77
23 74 42 77
22 74 43 77
27 74 42 78
26 74 43 78
25 74 44 78
24 74 45 78
23 74 46 78
22 74 47 78
27 74 46 79
26 74 47 79
25 74 48 79
24 74 49 79
23 74 50 79
22 74 51 79
27 74 50 80
26 74 51 80
25 74 52 80
24 74 53 80
23 74 54 80
22 74 55 80
31 75 34 76
30 75 35 76
29 75 36 76
28 75 37 76
27 75 38 76
26 75 39 76
31 75 38 77
30 75 39 77
29 75 40 77
28 75 41 77
27 75 42 77
26 75 43 77
31 75 42 78
30 75 43 78
29 75 44 78
28 75 45 78
27 75 46 78
26 75 47 78
31 75 46 79
30 75 47 79
29 75 48 79
28 75 49 79
27 75 50 79
26 75 51 79
31 75 50 80
30 75 51 80
29 75 52 80
28 75 53 80
27 75 54 80
26 75 55 80
35 76 38 77
34 76 39 77
33 76 40 77
32 76 41 77
31 76 42 77
30 76 43 77
35 76 42 78
34 76 43 78
33 76 44 78
32 76 45 78
31 76 46 78
30 76 47 78
35 76 46 79
34 76 47 79
33 76 48 79
32 76 49 79
31 76 50 79
30 76 51 79
35 76 50 80
34 76 51 80
33 76 52 80
32 76 53 80
31 76 54 80
30 76 55 80
39 77 42 78
38 77 43 78
37 77 44 78
36 77 45 78
35 77 46 78
34 77 47 78
39 77 46 79
38 77 47 79
37 77 48 79
36 77 49 79
35 77 50 79
34 77 51 79
39 77 50 80
38 77 51 80
37 77 52 80
36 77 53 80
35 77 54 80
34 77 55 80
43 78 46 79
42 78 47 79
41 78 48 79
40 78 49 79
39 78 50 79
38 78 51 79
43 78 50 80
42 78 51 80
41 78 52 80
40 78 53 80
39 78 54 80
38 78 55 80
47 79 50 80
46 79 51 80
45 79 52 80
44 79 53 80
43 79 54 80
42 79 55 80
22 73 26 74
21 73 26 74
20 73 26 74
19 73 26 74
18 73 26 74
22 73 30 75
21 73 30 75
20 73 30 75
19 73 30 75
18 73 30 75
22 73 34 76
21 73 34 76
20 73 34 76
19 73 34 76
18 73 34 76
22 73 38 77
21 73 38 77
20 73 38 77
19 73 38 77
18 73 38 77
22 73 42 78
21 73 42 78
20 73 42 78
19 73 42 78
18 73 42 78
22 73 46 79
21 73 46 79
20 73 46 79
19 73 46 79
18 73 46 79
22 73 50 80
21 73 50 80
20 73 50 80
19 73 50 80
18 73 50 80
26 74 30 75
25 74 30 75
24 74 30 75
23 74 30 75
22 74 30 75
26 74 34 76
25 74 34 76
24 74 34 76
23 74 34 76
22 74 34 76
26 74 38 77
25 74 38 77
24 74 38 77
23 74 38 77
22 74 38 77
26 74 42 78
25 74 42 78
24 74 42 78
23 74 42 78
22 74 42 78
26 74 46 79
25 74 46 79
24 74 46 79
23 74 46 79
22 74 46 79
26 74 50 80
25 74 50 80
24 74 50 80
23 74 50 80
22 74 50 80
30 75 34 76
29 75 34 76
28 75 34 76
27 75 34 76
26 75 34 76
30 75 38 77
29 75 38 77
28 75 38 77
27 75 38 77
26 75 38 77
30 75 42 78
29 75 42 78
28 75 42 78
27 75 42 78
26 75 42 78
30 75 46 79
29 75 46 79
28 75 46 79
27 75 46 79
26 75 46 79
30 75 50 80
29 75 50 80
28 75 50 80
27 75 50 80
26 75 50 80
34 76 38 77
33 76 38 77
32 76 38 77
31 76 38 77
30 76 38 77
34 76 42 78
33 76 42 78
32 76 42 78
31 76 42 78
30 76 42 78
34 76 46 79
33 76 46 79
32 76 46 79
31 76 46 79
30 76 46 79
34 76 50 80
33 76 50 80
32 76 50 80
31 76 50 80
30 76 50 80
38 77 42 78
37 77 42 78
36 77 42 78
35 77 42 78
34 77 42 78
38 77 46 79
37 77 46 79
36 77 46 79
35 77 46 79
34 77 46 79
38 77 50 80
37 77 50 80
36 77 50 80
35 77 50 80
34 77 50 80
42 78 46 79
41 78 46 79
40 78 46 79
39 78 46 79
38 78 46 79
42 78 50 80
41 78 50 80
40 78 50 80
39 78 50 80
38 78 50 80
46 79 50 80
45 79 50 80
44 79 50 80
43 79 50 80
42 79 50 80
23 73 27 74
23 73 28 74
23 73 29 74
23 73 30 74
23 73 31 74
23 73 31 75
23 73 32 75
23 73 33 75
23 73 34 75
23 73 35 75
23 73 35 76
23 73 36 76
23 73 37 76
23 73 38 76
23 73 39 76
23 73 39 77
23 73 40 77
23 73 41 77
23 73 42 77
23 73 43 77
23 73 43 78
23 73 44 78
23 73 45 78
23 73 46 78
23 73 47 78
23 73 47 79
23 73 48 79
23 73 49 79
23 73 50 79
23 73 51 79
23 73 51 80
23 73 52 80
23 73 53 80
23 73 54 80
23 73 55 80
27 74 31 75
27 74 32 75
27 74 33 75
27 74 34 75
27 74 35 75
27 74 35 76
27 74 36 76
27 74 37 76
27 74 38 76
27 74 39 76
27 74 39 77
27 74 40 77
27 74 41 77
27 74 42 77
27 74 43 77
27 74 43 78
27 74 44 78
27 74 45 78
27 74 46 78
27 74 47 78
27 74 47 79
27 74 48 79
27 74 49 79
27 74 50 79
27 74 51 79
27 74 51 80
27 74 52 80
27 74 53 80
27 74 54 80
27 74 55 80
31 75 35 76
31 75 36 76
31 75 37 76
31 75 38 76
31 75 39 76
31 75 39 77
31 75 40 77
31 75 41 77
31 75 42 77
31 75 43 77
31 75 43 78
31 75 44 78
31 75 45 78
31 75 46 78
31 75 47 78
31 75 47 79
31 75 48 79
31 75 49 79
31 75 50 79
31 75 51 79
31 75 51 80
31 75 52 80
31 75 53 80
31 75 54 80
31 75 55 80
35 76 39 77
35 76 40 77
35 76 41 77
35 76 42 77
35 76 43 77
35 76 43 78
35 76 44 78
35 76 45 78
35 76 46 78
35 76 47 78
35 76 47 79
35 76 48 79
35 76 49 79
35 76 50 79
35 76 51 79
35 76 51 80
35 76 52 80
35 76 53 80
35 76 54 80
35 76 55 80
39 77 43 78
39 77 44 78
39 77 45 78
39 77 46 78
39 77 47 78
39 77 47 79
39 77 48 79
39 77 49 79
39 77 50 79
39 77 51 79
39 77 51 80
39 77 52 80
39 77 53 80
39 77 54 80
39 77 55 80
43 78 47 79
43 78 48 79
43 78 49 79
43 78 50 79
43 78 51 79
43 78 51 80
43 78 52 80
43 78 53 80
43 78 54 80
43 78 55 80
47 79 51 80
47 79 52 80
47 79 53 80
47 79 54 80
47 79 55 80
