32
# X Y Z
0.0 0.0 0.0
1.5 0.0 0.0
3.0 0.0 0.0
4.5 0.0 0.0
6.0 0.0 0.0
7.5 0.0 0.0
9.0 0.0 0.0
10.5 0.0 0.0
12.0 0.0 0.0
13.5 0.0 0.0
15.0 0.0 0.0
16.5 0.0 0.0
18.0 0.0 0.0
19.5 0.0 0.0
21.0 0.0 0.0
22.5 0.0 0.0
24.0 0.0 0.0
25.5 0.0 0.0
27.0 0.0 0.0
28.5 0.0 0.0
30.0 0.0 0.0
31.5 0.0 0.0
33.0 0.0 0.0
34.5 0.0 0.0
6.75 -8.0 0.0
9.75 -8.0 0.0
12.75 -8.0 0.0
15.75 -8.0 0.0
18.75 -8.0 0.0
21.75 -8.0 0.0
24.75 -8.0 0.0
27.75 -8.0 0.0
28
# A B M N
25 28 26 27
26 29 27 28
27 30 28 29
28 31 29 30
29 32 30 31
25 31 27 29
26 32 28 30
25 26 27 28
26 27 28 29
27 28 29 30
28 29 30 31
29 30 31 32
25 27 29 31
26 28 30 32
25 30 27 28
26 31 28 29
27 32 29 30
25 32 28 29
25 26 28 29
26 27 29 30
27 28 30 31
28 29 31 32
25 26 29 30
26 27 30 31
27 28 31 32
25 26 30 31
26 27 31 32
25 26 31 32
